ios|cpu|modulo|riga|colonna
---+---+------+----+-------
  0|  0|    19|  16|      1
  0|  0|    19|  11|      1
  0|  0|    19|   6|      1
  0|  0|    19|   1|      1
  0|  0|    19|  17|      1
  0|  0|    19|  12|      1
  0|  0|    19|   7|      1
  0|  0|    19|   2|      1
  0|  0|    19|  18|      1
  0|  0|    19|  13|      1
  0|  0|    19|   8|      1
  0|  0|    19|   3|      1
  0|  0|    19|  19|      1
  0|  0|    19|  14|      1
  0|  0|    19|   9|      1
  0|  0|    19|   4|      1
  0|  0|    19|  16|      2
  0|  0|    19|  11|      2
  0|  0|    19|   6|      2
  0|  0|    19|   1|      2
  0|  0|    19|  17|      2
  0|  0|    19|  12|      2
  0|  0|    19|   7|      2
  0|  0|    19|   2|      2
  0|  0|    19|  18|      2
  0|  0|    19|  13|      2
  0|  0|    19|   8|      2
  0|  0|    19|   3|      2
  0|  0|    19|  19|      2
  0|  0|    19|  14|      2
  0|  0|    19|   9|      2
  0|  0|    19|   4|      2
  0|  0|    19|  16|      3
  0|  0|    19|  11|      3
  0|  0|    19|   6|      3
  0|  0|    19|   1|      3
  0|  0|    19|  17|      3
  0|  0|    19|  12|      3
  0|  0|    19|   7|      3
  0|  0|    19|   2|      3
  0|  0|    19|  18|      3
  0|  0|    19|  13|      3
  0|  0|    19|   8|      3
  0|  0|    19|   3|      3
  0|  0|    19|  19|      3
  0|  0|    19|  14|      3
  0|  0|    19|   9|      3
  0|  0|    19|   4|      3
  0|  0|    19|  16|      4
  0|  0|    19|  11|      4
  0|  0|    19|   6|      4
  0|  0|    19|   1|      4
  0|  0|    19|  17|      4
  0|  0|    19|  12|      4
  0|  0|    19|   7|      4
  0|  0|    19|   2|      4
  0|  0|    19|  18|      4
  0|  0|    19|  13|      4
  0|  0|    19|   8|      4
  0|  0|    19|   3|      4
  0|  0|    19|  19|      4
  0|  0|    19|  14|      4
  0|  0|    19|   9|      4
  0|  0|    19|   4|      4
  0|  0|    19|  16|      5
  0|  0|    19|  11|      5
  0|  0|    19|   6|      5
  0|  0|    19|   1|      5
  0|  0|    19|  17|      5
  0|  0|    19|  12|      5
  0|  0|    19|   7|      5
  0|  0|    19|   2|      5
  0|  0|    19|  18|      5
  0|  0|    19|  13|      5
  0|  0|    19|   8|      5
  0|  0|    19|   3|      5
  0|  0|    19|  19|      5
  0|  0|    19|  14|      5
  0|  0|    19|   9|      5
  0|  0|    19|   4|      5
  0|  0|    19|  31|     28
  0|  0|    19|  31|     20
  0|  0|    19|  31|     27
  0|  0|    19|  31|     19
  0|  0|    19|  32|     28
  0|  0|    19|  32|     20
  0|  0|    19|  32|     27
  0|  0|    19|  32|     19
  0|  0|    19|  26|     25
  0|  0|    19|  26|     17
  0|  0|    19|  21|     25
  0|  0|    19|  21|     17
  0|  0|    19|  27|     25
  0|  0|    19|  27|     17
  0|  0|    19|  22|     25
  0|  0|    19|  22|     17
  0|  0|    19|  28|     25
  0|  0|    19|  28|     17
  0|  0|    19|  23|     25
  0|  0|    19|  23|     17
  0|  0|    19|  29|     25
  0|  0|    19|  29|     17
  0|  0|    19|  24|     25
  0|  0|    19|  24|     17
  0|  0|    19|  30|     25
  0|  0|    19|  30|     17
  0|  0|    19|  25|     25
  0|  0|    19|  25|     17
  0|  0|    19|  26|     26
  0|  0|    19|  26|     18
  0|  0|    19|  21|     26
  0|  0|    19|  21|     18
  0|  0|    19|  27|     26
  0|  0|    19|  27|     18
  0|  0|    19|  22|     26
  0|  0|    19|  22|     18
  0|  0|    19|  28|     26
  0|  0|    19|  28|     18
  0|  0|    19|  23|     26
  0|  0|    19|  23|     18
  0|  0|    19|  29|     26
  0|  0|    19|  29|     18
  0|  0|    19|  24|     26
  0|  0|    19|  24|     18
  0|  0|    19|  26|     27
  0|  0|    19|  26|     19
  0|  0|    19|  21|     27
  0|  0|    19|  21|     19
  0|  0|    19|  27|     27
  0|  0|    19|  27|     19
  0|  0|    19|  22|     27
  0|  0|    19|  22|     19
  0|  0|    19|  28|     27
  0|  0|    19|  28|     19
  0|  0|    19|  23|     27
  0|  0|    19|  23|     19
  0|  0|    19|  29|     27
  0|  0|    19|  29|     19
  0|  0|    19|  24|     27
  0|  0|    19|  24|     19
  0|  0|    19|  26|     28
  0|  0|    19|  26|     20
  0|  0|    19|  21|     28
  0|  0|    19|  21|     20
  0|  0|    19|  27|     28
  0|  0|    19|  27|     20
  0|  0|    19|  22|     28
  0|  0|    19|  22|     20
  0|  0|    19|  28|     28
  0|  0|    19|  28|     20
  0|  0|    19|  23|     28
  0|  0|    19|  23|     20
  0|  0|    19|  29|     28
  0|  0|    19|  29|     20
  0|  0|    19|  24|     28
  0|  0|    19|  24|     20
  0|  0|    19|  26|     29
  0|  0|    19|  26|     21
  0|  0|    19|  21|     29
  0|  0|    19|  21|     21
  0|  0|    19|  27|     29
  0|  0|    19|  27|     21
  0|  0|    19|  22|     29
  0|  0|    19|  22|     21
  0|  0|    19|  28|     29
  0|  0|    19|  28|     21
  0|  0|    19|  23|     29
  0|  0|    19|  23|     21
  0|  0|    19|  29|     29
  0|  0|    19|  29|     21
  0|  0|    19|  24|     29
  0|  0|    19|  24|     21
  0|  0|    19|  30|     29
  0|  0|    19|  30|     21
  0|  0|    19|  25|     29
  0|  0|    19|  25|     21
  0|  0|    19|  26|     30
  0|  0|    19|  26|     22
  0|  0|    19|  21|     30
  0|  0|    19|  21|     22
  0|  0|    19|  27|     30
  0|  0|    19|  27|     22
  0|  0|    19|  22|     30
  0|  0|    19|  22|     22
  0|  0|    19|  28|     30
  0|  0|    19|  28|     22
  0|  0|    19|  23|     30
  0|  0|    19|  23|     22
  0|  0|    19|  29|     30
  0|  0|    19|  29|     22
  0|  0|    19|  24|     30
  0|  0|    19|  24|     22
  0|  0|    19|  26|     31
  0|  0|    19|  26|     23
  0|  0|    19|  21|     31
  0|  0|    19|  21|     23
  0|  0|    19|  27|     31
  0|  0|    19|  27|     23
  0|  0|    19|  22|     31
  0|  0|    19|  22|     23
  0|  0|    19|  28|     31
  0|  0|    19|  28|     23
  0|  0|    19|  23|     31
  0|  0|    19|  23|     23
  0|  0|    19|  29|     31
  0|  0|    19|  29|     23
  0|  0|    19|  24|     31
  0|  0|    19|  24|     23
  0|  0|    19|  26|     32
  0|  0|    19|  26|     24
  0|  0|    19|  21|     32
  0|  0|    19|  21|     24
  0|  0|    19|  27|     32
  0|  0|    19|  27|     24
  0|  0|    19|  22|     32
  0|  0|    19|  22|     24
  0|  0|    19|  28|     32
  0|  0|    19|  28|     24
  0|  0|    19|  23|     32
  0|  0|    19|  23|     24
  0|  0|    19|  29|     32
  0|  0|    19|  29|     24
  0|  0|    19|  24|     32
  0|  0|    19|  24|     24
  0|  0|    19|   9|     32
  0|  0|    19|   9|     24
  0|  0|    19|   4|     32
  0|  0|    19|   4|     24
  0|  0|    19|  19|     32
  0|  0|    19|  19|     24
  0|  0|    19|  14|     32
  0|  0|    19|  14|     24
  0|  0|    19|   8|     32
  0|  0|    19|   8|     24
  0|  0|    19|   3|     32
  0|  0|    19|   3|     24
  0|  0|    19|  18|     32
  0|  0|    19|  18|     24
  0|  0|    19|  13|     32
  0|  0|    19|  13|     24
  0|  0|    19|   7|     32
  0|  0|    19|   7|     24
  0|  0|    19|   2|     32
  0|  0|    19|   2|     24
  0|  0|    19|  17|     32
  0|  0|    19|  17|     24
  0|  0|    19|  12|     32
  0|  0|    19|  12|     24
  0|  0|    19|   6|     32
  0|  0|    19|   6|     24
  0|  0|    19|   1|     32
  0|  0|    19|   1|     24
  0|  0|    19|  16|     32
  0|  0|    19|  16|     24
  0|  0|    19|  11|     32
  0|  0|    19|  11|     24
  0|  0|    19|   9|     31
  0|  0|    19|   9|     23
  0|  0|    19|   4|     31
  0|  0|    19|   4|     23
  0|  0|    19|  19|     31
  0|  0|    19|  19|     23
  0|  0|    19|  14|     31
  0|  0|    19|  14|     23
  0|  0|    19|   8|     31
  0|  0|    19|   8|     23
  0|  0|    19|   3|     31
  0|  0|    19|   3|     23
  0|  0|    19|  18|     31
  0|  0|    19|  18|     23
  0|  0|    19|  13|     31
  0|  0|    19|  13|     23
  0|  0|    19|   7|     31
  0|  0|    19|   7|     23
  0|  0|    19|   2|     31
  0|  0|    19|   2|     23
  0|  0|    19|  17|     31
  0|  0|    19|  17|     23
  0|  0|    19|  12|     31
  0|  0|    19|  12|     23
  0|  0|    19|   6|     31
  0|  0|    19|   6|     23
  0|  0|    19|   1|     31
  0|  0|    19|   1|     23
  0|  0|    19|  16|     31
  0|  0|    19|  16|     23
  0|  0|    19|  11|     31
  0|  0|    19|  11|     23
  0|  0|    19|   9|     30
  0|  0|    19|   9|     22
  0|  0|    19|   4|     30
  0|  0|    19|   4|     22
  0|  0|    19|  19|     30
  0|  0|    19|  19|     22
  0|  0|    19|  14|     30
  0|  0|    19|  14|     22
  0|  0|    19|   8|     30
  0|  0|    19|   8|     22
  0|  0|    19|   3|     30
  0|  0|    19|   3|     22
  0|  0|    19|  18|     30
  0|  0|    19|  18|     22
  0|  0|    19|  13|     30
  0|  0|    19|  13|     22
  0|  0|    19|   7|     30
  0|  0|    19|   7|     22
  0|  0|    19|   2|     30
  0|  0|    19|   2|     22
  0|  0|    19|  17|     30
  0|  0|    19|  17|     22
  0|  0|    19|  12|     30
  0|  0|    19|  12|     22
  0|  0|    19|   6|     30
  0|  0|    19|   6|     22
  0|  0|    19|   1|     30
  0|  0|    19|   1|     22
  0|  0|    19|  16|     30
  0|  0|    19|  16|     22
  0|  0|    19|  11|     30
  0|  0|    19|  11|     22
  0|  0|    19|  10|     29
  0|  0|    19|  10|     21
  0|  0|    19|   5|     29
  0|  0|    19|   5|     21
  0|  0|    19|  20|     29
  0|  0|    19|  20|     21
  0|  0|    19|  15|     29
  0|  0|    19|  15|     21
  0|  0|    19|   9|     29
  0|  0|    19|   9|     21
  0|  0|    19|   4|     29
  0|  0|    19|   4|     21
  0|  0|    19|  19|     29
  0|  0|    19|  19|     21
  0|  0|    19|  14|     29
  0|  0|    19|  14|     21
  0|  0|    19|   8|     29
  0|  0|    19|   8|     21
  0|  0|    19|   3|     29
  0|  0|    19|   3|     21
  0|  0|    19|  18|     29
  0|  0|    19|  18|     21
  0|  0|    19|  13|     29
  0|  0|    19|  13|     21
  0|  0|    19|   7|     29
  0|  0|    19|   7|     21
  0|  0|    19|   2|     29
  0|  0|    19|   2|     21
  0|  0|    19|  17|     29
  0|  0|    19|  17|     21
  0|  0|    19|  12|     29
  0|  0|    19|  12|     21
  0|  0|    19|   6|     29
  0|  0|    19|   6|     21
  0|  0|    19|   1|     29
  0|  0|    19|   1|     21
  0|  0|    19|  16|     29
  0|  0|    19|  16|     21
  0|  0|    19|  11|     29
  0|  0|    19|  11|     21
  0|  0|    19|   9|     28
  0|  0|    19|   9|     20
  0|  0|    19|   4|     28
  0|  0|    19|   4|     20
  0|  0|    19|  19|     28
  0|  0|    19|  19|     20
  0|  0|    19|  14|     28
  0|  0|    19|  14|     20
  0|  0|    19|   8|     28
  0|  0|    19|   8|     20
  0|  0|    19|   3|     28
  0|  0|    19|   3|     20
  0|  0|    19|  18|     28
  0|  0|    19|  18|     20
  0|  0|    19|  13|     28
  0|  0|    19|  13|     20
  0|  0|    19|   7|     28
  0|  0|    19|   7|     20
  0|  0|    19|   2|     28
  0|  0|    19|   2|     20
  0|  0|    19|  17|     28
  0|  0|    19|  17|     20
  0|  0|    19|  12|     28
  0|  0|    19|  12|     20
  0|  0|    19|   6|     28
  0|  0|    19|   6|     20
  0|  0|    19|   1|     28
  0|  0|    19|   1|     20
  0|  0|    19|  16|     28
  0|  0|    19|  16|     20
  0|  0|    19|  11|     28
  0|  0|    19|  11|     20
  0|  0|    19|   9|     27
  0|  0|    19|   9|     19
  0|  0|    19|   4|     27
  0|  0|    19|   4|     19
  0|  0|    19|  19|     27
  0|  0|    19|  19|     19
  0|  0|    19|  14|     27
  0|  0|    19|  14|     19
  0|  0|    19|   8|     27
  0|  0|    19|   8|     19
  0|  0|    19|   3|     27
  0|  0|    19|   3|     19
  0|  0|    19|  18|     27
  0|  0|    19|  18|     19
  0|  0|    19|  13|     27
  0|  0|    19|  13|     19
  0|  0|    19|   7|     27
  0|  0|    19|   7|     19
  0|  0|    19|   2|     27
  0|  0|    19|   2|     19
  0|  0|    19|  17|     27
  0|  0|    19|  17|     19
  0|  0|    19|  12|     27
  0|  0|    19|  12|     19
  0|  0|    19|   6|     27
  0|  0|    19|   6|     19
  0|  0|    19|   1|     27
  0|  0|    19|   1|     19
  0|  0|    19|  16|     27
  0|  0|    19|  16|     19
  0|  0|    19|  11|     27
  0|  0|    19|  11|     19
  0|  0|    19|   9|     26
  0|  0|    19|   9|     18
  0|  0|    19|   4|     26
  0|  0|    19|   4|     18
  0|  0|    19|  19|     26
  0|  0|    19|  19|     18
  0|  0|    19|  14|     26
  0|  0|    19|  14|     18
  0|  0|    19|   8|     26
  0|  0|    19|   8|     18
  0|  0|    19|   3|     26
  0|  0|    19|   3|     18
  0|  0|    19|  18|     26
  0|  0|    19|  18|     18
  0|  0|    19|  13|     26
  0|  0|    19|  13|     18
  0|  0|    19|   7|     26
  0|  0|    19|   7|     18
  0|  0|    19|   2|     26
  0|  0|    19|   2|     18
  0|  0|    19|  17|     26
  0|  0|    19|  17|     18
  0|  0|    19|  12|     26
  0|  0|    19|  12|     18
  0|  0|    19|   6|     26
  0|  0|    19|   6|     18
  0|  0|    19|   1|     26
  0|  0|    19|   1|     18
  0|  0|    19|  16|     26
  0|  0|    19|  16|     18
  0|  0|    19|  11|     26
  0|  0|    19|  11|     18
  0|  0|    19|   9|     25
  0|  0|    19|   9|     17
  0|  0|    19|   4|     25
  0|  0|    19|   4|     17
  0|  0|    19|  19|     25
  0|  0|    19|  19|     17
  0|  0|    19|  14|     25
  0|  0|    19|  14|     17
  0|  0|    19|   8|     25
  0|  0|    19|   8|     17
  0|  0|    19|   3|     25
  0|  0|    19|   3|     17
  0|  0|    19|  18|     25
  0|  0|    19|  18|     17
  0|  0|    19|  13|     25
  0|  0|    19|  13|     17
  0|  0|    19|   7|     25
  0|  0|    19|   7|     17
  0|  0|    19|   2|     25
  0|  0|    19|   2|     17
  0|  0|    19|  17|     25
  0|  0|    19|  17|     17
  0|  0|    19|  12|     25
  0|  0|    19|  12|     17
  0|  0|    19|   6|     25
  0|  0|    19|   6|     17
  0|  0|    19|   1|     25
  0|  0|    19|   1|     17
  0|  0|    19|  16|     25
  0|  0|    19|  16|     17
  0|  0|    19|  11|     25
  0|  0|    19|  11|     17
  0|  0|    19|  32|     26
  0|  0|    19|  32|     18
  0|  0|    19|  32|     25
  0|  0|    19|  32|     17
  0|  0|    19|  31|     26
  0|  0|    19|  31|     18
  0|  0|    19|  31|     25
  0|  0|    19|  31|     17
  0|  0|    19|  19|     12
  0|  0|    19|  14|     12
  0|  0|    19|   9|     12
  0|  0|    19|   4|     12
  0|  0|    19|  19|     11
  0|  0|    19|  14|     11
  0|  0|    19|   9|     11
  0|  0|    19|   4|     11
  0|  0|    19|  18|     12
  0|  0|    19|  13|     12
  0|  0|    19|   8|     12
  0|  0|    19|   3|     12
  0|  0|    19|  18|     11
  0|  0|    19|  13|     11
  0|  0|    19|   8|     11
  0|  0|    19|   3|     11
  0|  0|    19|  17|     12
  0|  0|    19|  12|     12
  0|  0|    19|   7|     12
  0|  0|    19|   2|     12
  0|  0|    19|  17|     11
  0|  0|    19|  12|     11
  0|  0|    19|   7|     11
  0|  0|    19|   2|     11
  0|  0|    19|  16|     12
  0|  0|    19|  11|     12
  0|  0|    19|   6|     12
  0|  0|    19|   1|     12
  0|  0|    19|  16|     11
  0|  0|    19|  11|     11
  0|  0|    19|   6|     11
  0|  0|    19|   1|     11
  0|  0|    19|  19|     10
  0|  0|    19|  14|     10
  0|  0|    19|   9|     10
  0|  0|    19|   4|     10
  0|  0|    19|  22|      6
  0|  0|    19|  18|     10
  0|  0|    19|  13|     10
  0|  0|    19|   8|     10
  0|  0|    19|   3|     10
  0|  0|    19|  17|     10
  0|  0|    19|  12|     10
  0|  0|    19|   7|     10
  0|  0|    19|   2|     10
  0|  0|    19|  21|      6
  0|  0|    19|  16|     10
  0|  0|    19|  11|     10
  0|  0|    19|   6|     10
  0|  0|    19|   1|     10
  0|  0|    19|  19|      9
  0|  0|    19|  14|      9
  0|  0|    19|   9|      9
  0|  0|    19|   4|      9
  0|  0|    19|  22|      5
  0|  0|    19|  18|      9
  0|  0|    19|  13|      9
  0|  0|    19|   8|      9
  0|  0|    19|   3|      9
  0|  0|    19|  17|      9
  0|  0|    19|  12|      9
  0|  0|    19|   7|      9
  0|  0|    19|   2|      9
  0|  0|    19|  21|      5
  0|  0|    19|  16|      9
  0|  0|    19|  11|      9
  0|  0|    19|   6|      9
  0|  0|    19|   1|      9
  0|  0|    19|  19|      8
  0|  0|    19|  14|      8
  0|  0|    19|   9|      8
  0|  0|    19|   4|      8
  0|  0|    19|  22|      4
  0|  0|    19|  18|      8
  0|  0|    19|  13|      8
  0|  0|    19|   8|      8
  0|  0|    19|   3|      8
  0|  0|    19|  17|      8
  0|  0|    19|  12|      8
  0|  0|    19|   7|      8
  0|  0|    19|   2|      8
  0|  0|    19|  21|      4
  0|  0|    19|  16|      8
  0|  0|    19|  11|      8
  0|  0|    19|   6|      8
  0|  0|    19|   1|      8
  0|  0|    19|  19|      7
  0|  0|    19|  14|      7
  0|  0|    19|   9|      7
  0|  0|    19|   4|      7
  0|  0|    19|  22|      3
  0|  0|    19|  18|      7
  0|  0|    19|  13|      7
  0|  0|    19|   8|      7
  0|  0|    19|   3|      7
  0|  0|    19|  17|      7
  0|  0|    19|  12|      7
  0|  0|    19|   7|      7
  0|  0|    19|   2|      7
  0|  0|    19|  21|      3
  0|  0|    19|  16|      7
  0|  0|    19|  11|      7
  0|  0|    19|   6|      7
  0|  0|    19|   1|      7
  0|  0|    19|  19|      6
  0|  0|    19|  14|      6
  0|  0|    19|   9|      6
  0|  0|    19|   4|      6
  0|  0|    19|  22|      2
  0|  0|    19|  18|      6
  0|  0|    19|  13|      6
  0|  0|    19|   8|      6
  0|  0|    19|   3|      6
  0|  0|    19|  17|      6
  0|  0|    19|  12|      6
  0|  0|    19|   7|      6
  0|  0|    19|   2|      6
  0|  0|    19|  21|      2
  0|  0|    19|  16|      6
  0|  0|    19|  11|      6
  0|  0|    19|   6|      6
  0|  0|    19|   1|      6
  0|  0|    19|  22|      1
  0|  0|    19|  21|      1
  0|  0|    19|  32|      2
  0|  0|    19|  32|      1
(622 rows)

