ios|cpu|modulo|riga|colonna
---+---+------+----+-------
  0|  1|    15|  26|     25
  0|  1|    15|  26|     17
  0|  1|    15|  21|     25
  0|  1|    15|  21|     17
  0|  1|    15|  27|     25
  0|  1|    15|  27|     17
  0|  1|    15|  22|     25
  0|  1|    15|  22|     17
  0|  1|    15|  28|     25
  0|  1|    15|  28|     17
  0|  1|    15|  23|     25
  0|  1|    15|  23|     17
  0|  1|    15|  29|     25
  0|  1|    15|  29|     17
  0|  1|    15|  24|     25
  0|  1|    15|  24|     17
  0|  1|    15|  30|     25
  0|  1|    15|  30|     17
  0|  1|    15|  25|     25
  0|  1|    15|  25|     17
  0|  1|    15|  26|     26
  0|  1|    15|  26|     18
  0|  1|    15|  21|     26
  0|  1|    15|  21|     18
  0|  1|    15|  27|     26
  0|  1|    15|  27|     18
  0|  1|    15|  22|     26
  0|  1|    15|  22|     18
  0|  1|    15|  28|     26
  0|  1|    15|  28|     18
  0|  1|    15|  23|     26
  0|  1|    15|  23|     18
  0|  1|    15|  29|     26
  0|  1|    15|  29|     18
  0|  1|    15|  24|     26
  0|  1|    15|  24|     18
  0|  1|    15|  26|     27
  0|  1|    15|  26|     19
  0|  1|    15|  21|     27
  0|  1|    15|  21|     19
  0|  1|    15|  27|     27
  0|  1|    15|  27|     19
  0|  1|    15|  22|     27
  0|  1|    15|  22|     19
  0|  1|    15|  28|     27
  0|  1|    15|  28|     19
  0|  1|    15|  23|     27
  0|  1|    15|  23|     19
  0|  1|    15|  29|     27
  0|  1|    15|  29|     19
  0|  1|    15|  24|     27
  0|  1|    15|  24|     19
  0|  1|    15|  26|     28
  0|  1|    15|  26|     20
  0|  1|    15|  21|     28
  0|  1|    15|  21|     20
  0|  1|    15|  27|     28
  0|  1|    15|  27|     20
  0|  1|    15|  22|     28
  0|  1|    15|  22|     20
  0|  1|    15|  28|     28
  0|  1|    15|  28|     20
  0|  1|    15|  23|     28
  0|  1|    15|  23|     20
  0|  1|    15|  29|     28
  0|  1|    15|  29|     20
  0|  1|    15|  24|     28
  0|  1|    15|  24|     20
  0|  1|    15|  26|     29
  0|  1|    15|  26|     21
  0|  1|    15|  21|     29
  0|  1|    15|  21|     21
  0|  1|    15|  27|     29
  0|  1|    15|  27|     21
  0|  1|    15|  22|     29
  0|  1|    15|  22|     21
  0|  1|    15|  28|     29
  0|  1|    15|  28|     21
  0|  1|    15|  23|     29
  0|  1|    15|  23|     21
  0|  1|    15|  29|     29
  0|  1|    15|  29|     21
  0|  1|    15|  24|     29
  0|  1|    15|  24|     21
  0|  1|    15|  30|     29
  0|  1|    15|  30|     21
  0|  1|    15|  25|     29
  0|  1|    15|  25|     21
  0|  1|    15|  31|     28
  0|  1|    15|  31|     20
  0|  1|    15|  31|     27
  0|  1|    15|  31|     19
  0|  1|    15|  32|     28
  0|  1|    15|  32|     20
  0|  1|    15|  32|     27
  0|  1|    15|  32|     19
  0|  1|    15|  16|     25
  0|  1|    15|  16|     17
  0|  1|    15|  11|     25
  0|  1|    15|  11|     17
  0|  1|    15|  17|     25
  0|  1|    15|  17|     17
  0|  1|    15|  12|     25
  0|  1|    15|  12|     17
  0|  1|    15|  18|     25
  0|  1|    15|  18|     17
  0|  1|    15|  13|     25
  0|  1|    15|  13|     17
  0|  1|    15|  19|     25
  0|  1|    15|  19|     17
  0|  1|    15|  14|     25
  0|  1|    15|  14|     17
  0|  1|    15|  16|     26
  0|  1|    15|  16|     18
  0|  1|    15|  11|     26
  0|  1|    15|  11|     18
  0|  1|    15|  17|     26
  0|  1|    15|  17|     18
  0|  1|    15|  12|     26
  0|  1|    15|  12|     18
  0|  1|    15|  18|     26
  0|  1|    15|  18|     18
  0|  1|    15|  13|     26
  0|  1|    15|  13|     18
  0|  1|    15|  19|     26
  0|  1|    15|  19|     18
  0|  1|    15|  14|     26
  0|  1|    15|  14|     18
  0|  1|    15|  16|     27
  0|  1|    15|  16|     19
  0|  1|    15|  11|     27
  0|  1|    15|  11|     19
  0|  1|    15|  17|     27
  0|  1|    15|  17|     19
  0|  1|    15|  12|     27
  0|  1|    15|  12|     19
  0|  1|    15|  18|     27
  0|  1|    15|  18|     19
  0|  1|    15|  13|     27
  0|  1|    15|  13|     19
  0|  1|    15|  19|     27
  0|  1|    15|  19|     19
  0|  1|    15|  14|     27
  0|  1|    15|  14|     19
  0|  1|    15|  16|     28
  0|  1|    15|  16|     20
  0|  1|    15|  11|     28
  0|  1|    15|  11|     20
  0|  1|    15|  17|     28
  0|  1|    15|  17|     20
  0|  1|    15|  12|     28
  0|  1|    15|  12|     20
  0|  1|    15|  18|     28
  0|  1|    15|  18|     20
  0|  1|    15|  13|     28
  0|  1|    15|  13|     20
  0|  1|    15|  19|     28
  0|  1|    15|  19|     20
  0|  1|    15|  14|     28
  0|  1|    15|  14|     20
  0|  1|    15|  20|     28
  0|  1|    15|  20|     20
  0|  1|    15|  15|     28
  0|  1|    15|  15|     20
  0|  1|    15|  16|     29
  0|  1|    15|  16|     21
  0|  1|    15|  11|     29
  0|  1|    15|  11|     21
  0|  1|    15|  17|     29
  0|  1|    15|  17|     21
  0|  1|    15|  12|     29
  0|  1|    15|  12|     21
  0|  1|    15|  18|     29
  0|  1|    15|  18|     21
  0|  1|    15|  13|     29
  0|  1|    15|  13|     21
  0|  1|    15|  19|     29
  0|  1|    15|  19|     21
  0|  1|    15|  14|     29
  0|  1|    15|  14|     21
  0|  1|    15|  16|     30
  0|  1|    15|  16|     22
  0|  1|    15|  11|     30
  0|  1|    15|  11|     22
  0|  1|    15|  17|     30
  0|  1|    15|  17|     22
  0|  1|    15|  12|     30
  0|  1|    15|  12|     22
  0|  1|    15|  18|     30
  0|  1|    15|  18|     22
  0|  1|    15|  13|     30
  0|  1|    15|  13|     22
  0|  1|    15|  19|     30
  0|  1|    15|  19|     22
  0|  1|    15|  14|     30
  0|  1|    15|  14|     22
  0|  1|    15|  16|     31
  0|  1|    15|  16|     23
  0|  1|    15|  11|     31
  0|  1|    15|  11|     23
  0|  1|    15|  17|     31
  0|  1|    15|  17|     23
  0|  1|    15|  12|     31
  0|  1|    15|  12|     23
  0|  1|    15|  18|     31
  0|  1|    15|  18|     23
  0|  1|    15|  13|     31
  0|  1|    15|  13|     23
  0|  1|    15|  19|     31
  0|  1|    15|  19|     23
  0|  1|    15|  14|     31
  0|  1|    15|  14|     23
  0|  1|    15|  16|     32
  0|  1|    15|  16|     24
  0|  1|    15|  11|     32
  0|  1|    15|  11|     24
  0|  1|    15|  17|     32
  0|  1|    15|  17|     24
  0|  1|    15|  12|     32
  0|  1|    15|  12|     24
  0|  1|    15|  18|     32
  0|  1|    15|  18|     24
  0|  1|    15|  13|     32
  0|  1|    15|  13|     24
  0|  1|    15|  19|     32
  0|  1|    15|  19|     24
  0|  1|    15|  14|     32
  0|  1|    15|  14|     24
  0|  1|    15|  20|     32
  0|  1|    15|  20|     24
  0|  1|    15|  15|     32
  0|  1|    15|  15|     24
  0|  1|    15|   9|     32
  0|  1|    15|   9|     24
  0|  1|    15|   4|     32
  0|  1|    15|   4|     24
  0|  1|    15|   8|     32
  0|  1|    15|   8|     24
  0|  1|    15|   3|     32
  0|  1|    15|   3|     24
  0|  1|    15|   7|     32
  0|  1|    15|   7|     24
  0|  1|    15|   2|     32
  0|  1|    15|   2|     24
  0|  1|    15|   6|     32
  0|  1|    15|   6|     24
  0|  1|    15|   1|     32
  0|  1|    15|   1|     24
  0|  1|    15|   9|     31
  0|  1|    15|   9|     23
  0|  1|    15|   4|     31
  0|  1|    15|   4|     23
  0|  1|    15|   8|     31
  0|  1|    15|   8|     23
  0|  1|    15|   3|     31
  0|  1|    15|   3|     23
  0|  1|    15|   7|     31
  0|  1|    15|   7|     23
  0|  1|    15|   2|     31
  0|  1|    15|   2|     23
  0|  1|    15|   6|     31
  0|  1|    15|   6|     23
  0|  1|    15|   1|     31
  0|  1|    15|   1|     23
  0|  1|    15|   9|     30
  0|  1|    15|   9|     22
  0|  1|    15|   4|     30
  0|  1|    15|   4|     22
  0|  1|    15|   8|     30
  0|  1|    15|   8|     22
  0|  1|    15|   3|     30
  0|  1|    15|   3|     22
  0|  1|    15|   7|     30
  0|  1|    15|   7|     22
  0|  1|    15|   2|     30
  0|  1|    15|   2|     22
  0|  1|    15|   6|     30
  0|  1|    15|   6|     22
  0|  1|    15|   1|     30
  0|  1|    15|   1|     22
  0|  1|    15|  10|     29
  0|  1|    15|  10|     21
  0|  1|    15|   5|     29
  0|  1|    15|   5|     21
  0|  1|    15|   9|     29
  0|  1|    15|   9|     21
  0|  1|    15|   4|     29
  0|  1|    15|   4|     21
  0|  1|    15|   8|     29
  0|  1|    15|   8|     21
  0|  1|    15|   3|     29
  0|  1|    15|   3|     21
  0|  1|    15|   7|     29
  0|  1|    15|   7|     21
  0|  1|    15|   2|     29
  0|  1|    15|   2|     21
  0|  1|    15|   6|     29
  0|  1|    15|   6|     21
  0|  1|    15|   1|     29
  0|  1|    15|   1|     21
  0|  1|    15|   9|     28
  0|  1|    15|   9|     20
  0|  1|    15|   4|     28
  0|  1|    15|   4|     20
  0|  1|    15|   8|     28
  0|  1|    15|   8|     20
  0|  1|    15|   3|     28
  0|  1|    15|   3|     20
  0|  1|    15|   7|     28
  0|  1|    15|   7|     20
  0|  1|    15|   2|     28
  0|  1|    15|   2|     20
  0|  1|    15|   6|     28
  0|  1|    15|   6|     20
  0|  1|    15|   1|     28
  0|  1|    15|   1|     20
  0|  1|    15|   9|     27
  0|  1|    15|   9|     19
  0|  1|    15|   4|     27
  0|  1|    15|   4|     19
  0|  1|    15|   8|     27
  0|  1|    15|   8|     19
  0|  1|    15|   3|     27
  0|  1|    15|   3|     19
  0|  1|    15|   7|     27
  0|  1|    15|   7|     19
  0|  1|    15|   2|     27
  0|  1|    15|   2|     19
  0|  1|    15|   6|     27
  0|  1|    15|   6|     19
  0|  1|    15|   1|     27
  0|  1|    15|   1|     19
  0|  1|    15|   9|     26
  0|  1|    15|   9|     18
  0|  1|    15|   4|     26
  0|  1|    15|   4|     18
  0|  1|    15|   8|     26
  0|  1|    15|   8|     18
  0|  1|    15|   3|     26
  0|  1|    15|   3|     18
  0|  1|    15|   7|     26
  0|  1|    15|   7|     18
  0|  1|    15|   2|     26
  0|  1|    15|   2|     18
  0|  1|    15|   6|     26
  0|  1|    15|   6|     18
  0|  1|    15|   1|     26
  0|  1|    15|   1|     18
  0|  1|    15|  10|     25
  0|  1|    15|  10|     17
  0|  1|    15|   5|     25
  0|  1|    15|   5|     17
  0|  1|    15|   9|     25
  0|  1|    15|   9|     17
  0|  1|    15|   4|     25
  0|  1|    15|   4|     17
  0|  1|    15|   8|     25
  0|  1|    15|   8|     17
  0|  1|    15|   3|     25
  0|  1|    15|   3|     17
  0|  1|    15|   7|     25
  0|  1|    15|   7|     17
  0|  1|    15|   2|     25
  0|  1|    15|   2|     17
  0|  1|    15|   6|     25
  0|  1|    15|   6|     17
  0|  1|    15|   1|     25
  0|  1|    15|   1|     17
  0|  1|    15|  32|     18
  0|  1|    15|  31|     18
  0|  1|    15|  32|     17
  0|  1|    15|  31|     17
(372 rows)

