 ubicazione | isola | settore | modulo_can | riga_can | colonna_can 
------------+-------+---------+------------+----------+-------------
 1012011    |     1 |       1 |          1 |       19 |           1
 1012031    |     1 |       1 |          1 |       19 |           2
 1012051    |     1 |       1 |          1 |       17 |           1
 1012071    |     1 |       1 |          1 |       18 |           1
 1011094    |     1 |       1 |          1 |        1 |           5
 1011093    |     1 |       1 |          1 |        5 |           5
 1011092    |     1 |       1 |          1 |        9 |           5
 1011091    |     1 |       1 |          1 |       13 |           5
 1012091    |     1 |       1 |          1 |       17 |           2
 1011104    |     1 |       1 |          1 |        2 |           5
 1011103    |     1 |       1 |          1 |        6 |           5
 1011102    |     1 |       1 |          1 |       10 |           5
 1011101    |     1 |       1 |          1 |       14 |           5
 1011114    |     1 |       1 |          1 |        3 |           5
 1011113    |     1 |       1 |          1 |        7 |           5
 1011112    |     1 |       1 |          1 |       11 |           5
 1011111    |     1 |       1 |          1 |       15 |           5
 1012111    |     1 |       1 |          1 |       18 |           2
 1011124    |     1 |       1 |          1 |        4 |           5
 1011123    |     1 |       1 |          1 |        8 |           5
 1011122    |     1 |       1 |          1 |       12 |           5
 1011121    |     1 |       1 |          1 |       16 |           5
 1011134    |     1 |       1 |          1 |        1 |           6
 1011133    |     1 |       1 |          1 |        5 |           6
 1011132    |     1 |       1 |          1 |        9 |           6
 1011131    |     1 |       1 |          1 |       13 |           6
 1012131    |     1 |       1 |          1 |       17 |           3
 1011144    |     1 |       1 |          1 |        2 |           6
 1011143    |     1 |       1 |          1 |        6 |           6
 1011142    |     1 |       1 |          1 |       10 |           6
 1011141    |     1 |       1 |          1 |       14 |           6
 1011154    |     1 |       1 |          1 |        3 |           6
 1011153    |     1 |       1 |          1 |        7 |           6
 1011152    |     1 |       1 |          1 |       11 |           6
 1011151    |     1 |       1 |          1 |       15 |           6
 1012151    |     1 |       1 |          1 |       18 |           3
 1011164    |     1 |       1 |          1 |        4 |           6
 1011163    |     1 |       1 |          1 |        8 |           6
 1011162    |     1 |       1 |          1 |       12 |           6
 1011161    |     1 |       1 |          1 |       16 |           6
 1011174    |     1 |       1 |          1 |        1 |           7
 1011173    |     1 |       1 |          1 |        5 |           7
 1011172    |     1 |       1 |          1 |        9 |           7
 1011171    |     1 |       1 |          1 |       13 |           7
 1012171    |     1 |       1 |          1 |       17 |           4
 1011184    |     1 |       1 |          1 |        2 |           7
 1011183    |     1 |       1 |          1 |        6 |           7
 1011182    |     1 |       1 |          1 |       10 |           7
 1011181    |     1 |       1 |          1 |       14 |           7
 1011194    |     1 |       1 |          1 |        3 |           7
 1011193    |     1 |       1 |          1 |        7 |           7
 1011192    |     1 |       1 |          1 |       11 |           7
 1011191    |     1 |       1 |          1 |       15 |           7
 1012191    |     1 |       1 |          1 |       18 |           4
 1011204    |     1 |       1 |          1 |        4 |           7
 1011203    |     1 |       1 |          1 |        8 |           7
 1011202    |     1 |       1 |          1 |       12 |           7
 1011201    |     1 |       1 |          1 |       16 |           7
 1021014    |     1 |       2 |          2 |        1 |           1
 1021013    |     1 |       2 |          2 |        5 |           1
 1021012    |     1 |       2 |          2 |        9 |           1
 1021011    |     1 |       2 |          2 |       13 |           1
 1022011    |     1 |       2 |          2 |       17 |           4
 1021024    |     1 |       2 |          2 |        2 |           1
 1021023    |     1 |       2 |          2 |        6 |           1
 1021022    |     1 |       2 |          2 |       10 |           1
 1021021    |     1 |       2 |          2 |       14 |           1
 1021034    |     1 |       2 |          2 |        3 |           1
 1021033    |     1 |       2 |          2 |        7 |           1
 1021032    |     1 |       2 |          2 |       11 |           1
 1021031    |     1 |       2 |          2 |       15 |           1
 1022031    |     1 |       2 |          2 |       18 |           4
 1021044    |     1 |       2 |          2 |        4 |           1
 1021043    |     1 |       2 |          2 |        8 |           1
 1021042    |     1 |       2 |          2 |       12 |           1
 1021041    |     1 |       2 |          2 |       16 |           1
 1021054    |     1 |       2 |          2 |        1 |           2
 1021053    |     1 |       2 |          2 |        5 |           2
 1021052    |     1 |       2 |          2 |        9 |           2
 1021051    |     1 |       2 |          2 |       13 |           2
 1022051    |     1 |       2 |          2 |       17 |           5
 1021064    |     1 |       2 |          2 |        2 |           2
 1021063    |     1 |       2 |          2 |        6 |           2
 1021062    |     1 |       2 |          2 |       10 |           2
 1021061    |     1 |       2 |          2 |       14 |           2
 1021074    |     1 |       2 |          2 |        3 |           2
 1021073    |     1 |       2 |          2 |        7 |           2
 1021072    |     1 |       2 |          2 |       11 |           2
 1021071    |     1 |       2 |          2 |       15 |           2
 1022071    |     1 |       2 |          2 |       18 |           5
 1021084    |     1 |       2 |          2 |        4 |           2
 1021083    |     1 |       2 |          2 |        8 |           2
 1021082    |     1 |       2 |          2 |       12 |           2
 1021081    |     1 |       2 |          2 |       16 |           2
 1021094    |     1 |       2 |          2 |        1 |           3
 1021093    |     1 |       2 |          2 |        5 |           3
 1021092    |     1 |       2 |          2 |        9 |           3
 1021091    |     1 |       2 |          2 |       13 |           3
 1022094    |     1 |       2 |          2 |        1 |           6
 1022093    |     1 |       2 |          2 |        5 |           6
 1022092    |     1 |       2 |          2 |        9 |           6
 1022091    |     1 |       2 |          2 |       13 |           6
 1021104    |     1 |       2 |          2 |        2 |           3
 1021103    |     1 |       2 |          2 |        6 |           3
 1021102    |     1 |       2 |          2 |       10 |           3
 1021101    |     1 |       2 |          2 |       14 |           3
 1022104    |     1 |       2 |          2 |        2 |           6
 1022103    |     1 |       2 |          2 |        6 |           6
 1022102    |     1 |       2 |          2 |       10 |           6
 1022101    |     1 |       2 |          2 |       14 |           6
 1021114    |     1 |       2 |          2 |        3 |           3
 1021113    |     1 |       2 |          2 |        7 |           3
 1021112    |     1 |       2 |          2 |       11 |           3
 1021111    |     1 |       2 |          2 |       15 |           3
 1022114    |     1 |       2 |          2 |        3 |           6
 1022113    |     1 |       2 |          2 |        7 |           6
 1022112    |     1 |       2 |          2 |       11 |           6
 1022111    |     1 |       2 |          2 |       15 |           6
 1021124    |     1 |       2 |          2 |        4 |           3
 1021123    |     1 |       2 |          2 |        8 |           3
 1021122    |     1 |       2 |          2 |       12 |           3
 1021121    |     1 |       2 |          2 |       16 |           3
 1022124    |     1 |       2 |          2 |        4 |           6
 1022123    |     1 |       2 |          2 |        8 |           6
 1022122    |     1 |       2 |          2 |       12 |           6
 1022121    |     1 |       2 |          2 |       16 |           6
 1022134    |     1 |       2 |          2 |       19 |           7
 1022133    |     1 |       2 |          2 |       19 |           9
 1022132    |     1 |       2 |          2 |       19 |           8
 1022131    |     1 |       2 |          2 |       19 |          10
 1022144    |     1 |       2 |          2 |       20 |           7
 1022143    |     1 |       2 |          2 |       20 |           9
 1022142    |     1 |       2 |          2 |       20 |           8
 1022141    |     1 |       2 |          2 |       20 |          10
 1031014    |     1 |       3 |          3 |        1 |           1
 1031013    |     1 |       3 |          3 |        1 |           5
 1031012    |     1 |       3 |          3 |        5 |           1
 1031011    |     1 |       3 |          3 |        5 |           5
 1032014    |     1 |       3 |          3 |        9 |           1
 1032013    |     1 |       3 |          3 |        9 |           5
 1032012    |     1 |       3 |          3 |       13 |           1
 1032011    |     1 |       3 |          3 |       13 |           5
 1031024    |     1 |       3 |          3 |        2 |           1
 1031023    |     1 |       3 |          3 |        2 |           5
 1031022    |     1 |       3 |          3 |        6 |           1
 1031021    |     1 |       3 |          3 |        6 |           5
 1032024    |     1 |       3 |          3 |       10 |           1
 1032023    |     1 |       3 |          3 |       10 |           5
 1032022    |     1 |       3 |          3 |       14 |           1
 1032021    |     1 |       3 |          3 |       14 |           5
 1031034    |     1 |       3 |          3 |        3 |           1
 1031033    |     1 |       3 |          3 |        3 |           5
 1031032    |     1 |       3 |          3 |        7 |           1
 1031031    |     1 |       3 |          3 |        7 |           5
 1032034    |     1 |       3 |          3 |       11 |           1
 1032033    |     1 |       3 |          3 |       11 |           5
 1032032    |     1 |       3 |          3 |       15 |           1
 1032031    |     1 |       3 |          3 |       15 |           5
 1031044    |     1 |       3 |          3 |        4 |           1
 1031043    |     1 |       3 |          3 |        4 |           5
 1031042    |     1 |       3 |          3 |        8 |           1
 1031041    |     1 |       3 |          3 |        8 |           5
 1032044    |     1 |       3 |          3 |       12 |           1
 1032043    |     1 |       3 |          3 |       12 |           5
 1032042    |     1 |       3 |          3 |       16 |           1
 1032041    |     1 |       3 |          3 |       16 |           5
 1031054    |     1 |       3 |          3 |        1 |           2
 1031053    |     1 |       3 |          3 |        1 |           6
 1031052    |     1 |       3 |          3 |        5 |           2
 1031051    |     1 |       3 |          3 |        5 |           6
 1032054    |     1 |       3 |          3 |        9 |           2
 1032053    |     1 |       3 |          3 |        9 |           6
 1032052    |     1 |       3 |          3 |       13 |           2
 1032051    |     1 |       3 |          3 |       13 |           6
 1031064    |     1 |       3 |          3 |        2 |           2
 1031063    |     1 |       3 |          3 |        2 |           6
 1031062    |     1 |       3 |          3 |        6 |           2
 1031061    |     1 |       3 |          3 |        6 |           6
 1032064    |     1 |       3 |          3 |       10 |           2
 1032063    |     1 |       3 |          3 |       10 |           6
 1032062    |     1 |       3 |          3 |       14 |           2
 1032061    |     1 |       3 |          3 |       14 |           6
 1031074    |     1 |       3 |          3 |        3 |           2
 1031073    |     1 |       3 |          3 |        3 |           6
 1031072    |     1 |       3 |          3 |        7 |           2
 1031071    |     1 |       3 |          3 |        7 |           6
 1032074    |     1 |       3 |          3 |       11 |           2
 1032073    |     1 |       3 |          3 |       11 |           6
 1032072    |     1 |       3 |          3 |       15 |           2
 1032071    |     1 |       3 |          3 |       15 |           6
 1031084    |     1 |       3 |          3 |        4 |           2
 1031083    |     1 |       3 |          3 |        4 |           6
 1031082    |     1 |       3 |          3 |        8 |           2
 1031081    |     1 |       3 |          3 |        8 |           6
 1032084    |     1 |       3 |          3 |       12 |           2
 1032083    |     1 |       3 |          3 |       12 |           6
 1032082    |     1 |       3 |          3 |       16 |           2
 1032081    |     1 |       3 |          3 |       16 |           6
 1031094    |     1 |       3 |          3 |        1 |           3
 1031093    |     1 |       3 |          3 |        1 |           7
 1031092    |     1 |       3 |          3 |        5 |           3
 1031091    |     1 |       3 |          3 |        5 |           7
 1032094    |     1 |       3 |          3 |        9 |           3
 1032093    |     1 |       3 |          3 |        9 |           7
 1032092    |     1 |       3 |          3 |       13 |           3
 1032091    |     1 |       3 |          3 |       13 |           7
 1031104    |     1 |       3 |          3 |        2 |           3
 1031103    |     1 |       3 |          3 |        2 |           7
 1031102    |     1 |       3 |          3 |        6 |           3
 1031101    |     1 |       3 |          3 |        6 |           7
 1032104    |     1 |       3 |          3 |       10 |           3
 1032103    |     1 |       3 |          3 |       10 |           7
 1032102    |     1 |       3 |          3 |       14 |           3
 1032101    |     1 |       3 |          3 |       14 |           7
 1031114    |     1 |       3 |          3 |        3 |           3
 1031113    |     1 |       3 |          3 |        3 |           7
 1031112    |     1 |       3 |          3 |        7 |           3
 1031111    |     1 |       3 |          3 |        7 |           7
 1032114    |     1 |       3 |          3 |       11 |           3
 1032113    |     1 |       3 |          3 |       11 |           7
 1032112    |     1 |       3 |          3 |       15 |           3
 1032111    |     1 |       3 |          3 |       15 |           7
 1031124    |     1 |       3 |          3 |        4 |           3
 1031123    |     1 |       3 |          3 |        4 |           7
 1031122    |     1 |       3 |          3 |        8 |           3
 1031121    |     1 |       3 |          3 |        8 |           7
 1032124    |     1 |       3 |          3 |       12 |           3
 1032123    |     1 |       3 |          3 |       12 |           7
 1032122    |     1 |       3 |          3 |       16 |           3
 1032121    |     1 |       3 |          3 |       16 |           7
 1031134    |     1 |       3 |          3 |        1 |           4
 1031133    |     1 |       3 |          3 |        1 |           8
 1031132    |     1 |       3 |          3 |        5 |           4
 1031131    |     1 |       3 |          3 |        5 |           8
 1032134    |     1 |       3 |          3 |        9 |           4
 1032133    |     1 |       3 |          3 |        9 |           8
 1032132    |     1 |       3 |          3 |       13 |           4
 1032131    |     1 |       3 |          3 |       13 |           8
 1031144    |     1 |       3 |          3 |        2 |           4
 1031143    |     1 |       3 |          3 |        2 |           8
 1031142    |     1 |       3 |          3 |        6 |           4
 1031141    |     1 |       3 |          3 |        6 |           8
 1032144    |     1 |       3 |          3 |       10 |           4
 1032143    |     1 |       3 |          3 |       10 |           8
 1032142    |     1 |       3 |          3 |       14 |           4
 1032141    |     1 |       3 |          3 |       14 |           8
 1031154    |     1 |       3 |          3 |        3 |           4
 1031153    |     1 |       3 |          3 |        3 |           8
 1031152    |     1 |       3 |          3 |        7 |           4
 1031151    |     1 |       3 |          3 |        7 |           8
 1032154    |     1 |       3 |          3 |       11 |           4
 1032153    |     1 |       3 |          3 |       11 |           8
 1032152    |     1 |       3 |          3 |       15 |           4
 1032151    |     1 |       3 |          3 |       15 |           8
 1031164    |     1 |       3 |          3 |        4 |           4
 1031163    |     1 |       3 |          3 |        4 |           8
 1031162    |     1 |       3 |          3 |        8 |           4
 1031161    |     1 |       3 |          3 |        8 |           8
 1032164    |     1 |       3 |          3 |       12 |           4
 1032163    |     1 |       3 |          3 |       12 |           8
 1032162    |     1 |       3 |          3 |       16 |           4
 1032161    |     1 |       3 |          3 |       16 |           8
 1041014    |     1 |       4 |          4 |        1 |           1
 1041013    |     1 |       4 |          4 |        1 |           5
 1041012    |     1 |       4 |          4 |        6 |           1
 1041011    |     1 |       4 |          4 |        6 |           5
 1042014    |     1 |       4 |          4 |       11 |           1
 1042013    |     1 |       4 |          4 |       11 |           5
 1042012    |     1 |       4 |          4 |       16 |           1
 1042011    |     1 |       4 |          4 |       16 |           5
 1041024    |     1 |       4 |          4 |        2 |           1
 1041023    |     1 |       4 |          4 |        2 |           5
 1041022    |     1 |       4 |          4 |        7 |           1
 1041021    |     1 |       4 |          4 |        7 |           5
 1042024    |     1 |       4 |          4 |       12 |           1
 1042023    |     1 |       4 |          4 |       12 |           5
 1042022    |     1 |       4 |          4 |       17 |           1
 1042021    |     1 |       4 |          4 |       17 |           5
 1041034    |     1 |       4 |          4 |        3 |           1
 1041033    |     1 |       4 |          4 |        3 |           5
 1041032    |     1 |       4 |          4 |        8 |           1
 1041031    |     1 |       4 |          4 |        8 |           5
 1042034    |     1 |       4 |          4 |       13 |           1
 1042033    |     1 |       4 |          4 |       13 |           5
 1042032    |     1 |       4 |          4 |       18 |           1
 1042031    |     1 |       4 |          4 |       18 |           5
 1041044    |     1 |       4 |          4 |        4 |           1
 1041043    |     1 |       4 |          4 |        4 |           5
 1041042    |     1 |       4 |          4 |        9 |           1
 1041041    |     1 |       4 |          4 |        9 |           5
 1042044    |     1 |       4 |          4 |       14 |           1
 1042043    |     1 |       4 |          4 |       14 |           5
 1042042    |     1 |       4 |          4 |       19 |           1
 1042041    |     1 |       4 |          4 |       19 |           5
 1041054    |     1 |       4 |          4 |        5 |           1
 1041053    |     1 |       4 |          4 |        5 |           5
 1041052    |     1 |       4 |          4 |       10 |           1
 1041051    |     1 |       4 |          4 |       10 |           5
 1042054    |     1 |       4 |          4 |       15 |           1
 1042053    |     1 |       4 |          4 |       15 |           5
 1042052    |     1 |       4 |          4 |       20 |           1
 1042051    |     1 |       4 |          4 |       20 |           5
 1041064    |     1 |       4 |          4 |        1 |           2
 1041063    |     1 |       4 |          4 |        1 |           6
 1041062    |     1 |       4 |          4 |        6 |           2
 1041061    |     1 |       4 |          4 |        6 |           6
 1042064    |     1 |       4 |          4 |       11 |           2
 1042063    |     1 |       4 |          4 |       11 |           6
 1042062    |     1 |       4 |          4 |       16 |           2
 1042061    |     1 |       4 |          4 |       16 |           6
 1041074    |     1 |       4 |          4 |        2 |           2
 1041073    |     1 |       4 |          4 |        2 |           6
 1041072    |     1 |       4 |          4 |        7 |           2
 1041071    |     1 |       4 |          4 |        7 |           6
 1042074    |     1 |       4 |          4 |       12 |           2
 1042073    |     1 |       4 |          4 |       12 |           6
 1042072    |     1 |       4 |          4 |       17 |           2
 1042071    |     1 |       4 |          4 |       17 |           6
 1041084    |     1 |       4 |          4 |        3 |           2
 1041083    |     1 |       4 |          4 |        3 |           6
 1041082    |     1 |       4 |          4 |        8 |           2
 1041081    |     1 |       4 |          4 |        8 |           6
 1042084    |     1 |       4 |          4 |       13 |           2
 1042083    |     1 |       4 |          4 |       13 |           6
 1042082    |     1 |       4 |          4 |       18 |           2
 1042081    |     1 |       4 |          4 |       18 |           6
 1041094    |     1 |       4 |          4 |        4 |           2
 1041093    |     1 |       4 |          4 |        4 |           6
 1041092    |     1 |       4 |          4 |        9 |           2
 1041091    |     1 |       4 |          4 |        9 |           6
 1042094    |     1 |       4 |          4 |       14 |           2
 1042093    |     1 |       4 |          4 |       14 |           6
 1042092    |     1 |       4 |          4 |       19 |           2
 1042091    |     1 |       4 |          4 |       19 |           6
 1041104    |     1 |       4 |          4 |        1 |           3
 1041103    |     1 |       4 |          4 |        1 |           7
 1041102    |     1 |       4 |          4 |        6 |           3
 1041101    |     1 |       4 |          4 |        6 |           7
 1042104    |     1 |       4 |          4 |       11 |           3
 1042103    |     1 |       4 |          4 |       11 |           7
 1042102    |     1 |       4 |          4 |       16 |           3
 1042101    |     1 |       4 |          4 |       16 |           7
 1041114    |     1 |       4 |          4 |        2 |           3
 1041113    |     1 |       4 |          4 |        2 |           7
 1041112    |     1 |       4 |          4 |        7 |           3
 1041111    |     1 |       4 |          4 |        7 |           7
 1042114    |     1 |       4 |          4 |       12 |           3
 1042113    |     1 |       4 |          4 |       12 |           7
 1042112    |     1 |       4 |          4 |       17 |           3
 1042111    |     1 |       4 |          4 |       17 |           7
 1041124    |     1 |       4 |          4 |        3 |           3
 1041123    |     1 |       4 |          4 |        3 |           7
 1041122    |     1 |       4 |          4 |        8 |           3
 1041121    |     1 |       4 |          4 |        8 |           7
 1042124    |     1 |       4 |          4 |       13 |           3
 1042123    |     1 |       4 |          4 |       13 |           7
 1042122    |     1 |       4 |          4 |       18 |           3
 1042121    |     1 |       4 |          4 |       18 |           7
 1041134    |     1 |       4 |          4 |        4 |           3
 1041133    |     1 |       4 |          4 |        4 |           7
 1041132    |     1 |       4 |          4 |        9 |           3
 1041131    |     1 |       4 |          4 |        9 |           7
 1042134    |     1 |       4 |          4 |       14 |           3
 1042133    |     1 |       4 |          4 |       14 |           7
 1042132    |     1 |       4 |          4 |       19 |           3
 1042131    |     1 |       4 |          4 |       19 |           7
 1041144    |     1 |       4 |          4 |        1 |           4
 1041143    |     1 |       4 |          4 |        1 |           8
 1041142    |     1 |       4 |          4 |        6 |           4
 1041141    |     1 |       4 |          4 |        6 |           8
 1042144    |     1 |       4 |          4 |       11 |           4
 1042143    |     1 |       4 |          4 |       11 |           8
 1042142    |     1 |       4 |          4 |       16 |           4
 1042141    |     1 |       4 |          4 |       16 |           8
 1041154    |     1 |       4 |          4 |        2 |           4
 1041153    |     1 |       4 |          4 |        2 |           8
 1041152    |     1 |       4 |          4 |        7 |           4
 1041151    |     1 |       4 |          4 |        7 |           8
 1042154    |     1 |       4 |          4 |       12 |           4
 1042153    |     1 |       4 |          4 |       12 |           8
 1042152    |     1 |       4 |          4 |       17 |           4
 1042151    |     1 |       4 |          4 |       17 |           8
 1041164    |     1 |       4 |          4 |        3 |           4
 1041163    |     1 |       4 |          4 |        3 |           8
 1041162    |     1 |       4 |          4 |        8 |           4
 1041161    |     1 |       4 |          4 |        8 |           8
 1042164    |     1 |       4 |          4 |       13 |           4
 1042163    |     1 |       4 |          4 |       13 |           8
 1042162    |     1 |       4 |          4 |       18 |           4
 1042161    |     1 |       4 |          4 |       18 |           8
 1041174    |     1 |       4 |          4 |        4 |           4
 1041173    |     1 |       4 |          4 |        4 |           8
 1041172    |     1 |       4 |          4 |        9 |           4
 1041171    |     1 |       4 |          4 |        9 |           8
 1042174    |     1 |       4 |          4 |       14 |           4
 1042173    |     1 |       4 |          4 |       14 |           8
 1042172    |     1 |       4 |          4 |       19 |           4
 1042171    |     1 |       4 |          4 |       19 |           8
 1051014    |     1 |       5 |          5 |        4 |           4
 1051013    |     1 |       5 |          5 |        4 |           8
 1051012    |     1 |       5 |          5 |        9 |           4
 1051011    |     1 |       5 |          5 |        9 |           8
 1051024    |     1 |       5 |          5 |        3 |           4
 1051023    |     1 |       5 |          5 |        3 |           8
 1051022    |     1 |       5 |          5 |        8 |           4
 1051021    |     1 |       5 |          5 |        8 |           8
 1051034    |     1 |       5 |          5 |        2 |           4
 1051033    |     1 |       5 |          5 |        2 |           8
 1051032    |     1 |       5 |          5 |        7 |           4
 1051031    |     1 |       5 |          5 |        7 |           8
 1051044    |     1 |       5 |          5 |        1 |           4
 1051043    |     1 |       5 |          5 |        1 |           8
 1051042    |     1 |       5 |          5 |        6 |           4
 1051041    |     1 |       5 |          5 |        6 |           8
 1051054    |     1 |       5 |          5 |        4 |           3
 1051053    |     1 |       5 |          5 |        4 |           7
 1051052    |     1 |       5 |          5 |        9 |           3
 1051051    |     1 |       5 |          5 |        9 |           7
 1051064    |     1 |       5 |          5 |        3 |           3
 1051063    |     1 |       5 |          5 |        3 |           7
 1051062    |     1 |       5 |          5 |        8 |           3
 1051061    |     1 |       5 |          5 |        8 |           7
 1051074    |     1 |       5 |          5 |        2 |           3
 1051073    |     1 |       5 |          5 |        2 |           7
 1051072    |     1 |       5 |          5 |        7 |           3
 1051071    |     1 |       5 |          5 |        7 |           7
 1051084    |     1 |       5 |          5 |        1 |           3
 1051083    |     1 |       5 |          5 |        1 |           7
 1051082    |     1 |       5 |          5 |        6 |           3
 1051081    |     1 |       5 |          5 |        6 |           7
 1051094    |     1 |       5 |          5 |        4 |           2
 1051093    |     1 |       5 |          5 |        4 |           6
 1051092    |     1 |       5 |          5 |        9 |           2
 1051091    |     1 |       5 |          5 |        9 |           6
 1051104    |     1 |       5 |          5 |        3 |           2
 1051103    |     1 |       5 |          5 |        3 |           6
 1051102    |     1 |       5 |          5 |        8 |           2
 1051101    |     1 |       5 |          5 |        8 |           6
 1051114    |     1 |       5 |          5 |        2 |           2
 1051113    |     1 |       5 |          5 |        2 |           6
 1051112    |     1 |       5 |          5 |        7 |           2
 1051111    |     1 |       5 |          5 |        7 |           6
 1051124    |     1 |       5 |          5 |        1 |           2
 1051123    |     1 |       5 |          5 |        1 |           6
 1051122    |     1 |       5 |          5 |        6 |           2
 1051121    |     1 |       5 |          5 |        6 |           6
 1051134    |     1 |       5 |          5 |        5 |           1
 1051133    |     1 |       5 |          5 |        5 |           5
 1051132    |     1 |       5 |          5 |       10 |           1
 1051131    |     1 |       5 |          5 |       10 |           5
 1051144    |     1 |       5 |          5 |        4 |           1
 1051143    |     1 |       5 |          5 |        4 |           5
 1051142    |     1 |       5 |          5 |        9 |           1
 1051141    |     1 |       5 |          5 |        9 |           5
 1051154    |     1 |       5 |          5 |        3 |           1
 1051153    |     1 |       5 |          5 |        3 |           5
 1051152    |     1 |       5 |          5 |        8 |           1
 1051151    |     1 |       5 |          5 |        8 |           5
 1051164    |     1 |       5 |          5 |        2 |           1
 1051163    |     1 |       5 |          5 |        2 |           5
 1051162    |     1 |       5 |          5 |        7 |           1
 1051161    |     1 |       5 |          5 |        7 |           5
 1051174    |     1 |       5 |          5 |        1 |           1
 1051173    |     1 |       5 |          5 |        1 |           5
 1051172    |     1 |       5 |          5 |        6 |           1
 1051171    |     1 |       5 |          5 |        6 |           5
 1061014    |     1 |       6 |          6 |        4 |           4
 1061013    |     1 |       6 |          6 |        4 |           8
 1061012    |     1 |       6 |          6 |        9 |           4
 1061011    |     1 |       6 |          6 |        9 |           8
 1061024    |     1 |       6 |          6 |        3 |           4
 1061023    |     1 |       6 |          6 |        3 |           8
 1061022    |     1 |       6 |          6 |        8 |           4
 1061021    |     1 |       6 |          6 |        8 |           8
 1061034    |     1 |       6 |          6 |        2 |           4
 1061033    |     1 |       6 |          6 |        2 |           8
 1061032    |     1 |       6 |          6 |        7 |           4
 1061031    |     1 |       6 |          6 |        7 |           8
 1061044    |     1 |       6 |          6 |        1 |           4
 1061043    |     1 |       6 |          6 |        1 |           8
 1061042    |     1 |       6 |          6 |        6 |           4
 1061041    |     1 |       6 |          6 |        6 |           8
 1061054    |     1 |       6 |          6 |        4 |           3
 1061053    |     1 |       6 |          6 |        4 |           7
 1061052    |     1 |       6 |          6 |        9 |           3
 1061051    |     1 |       6 |          6 |        9 |           7
 1061064    |     1 |       6 |          6 |        3 |           3
 1061063    |     1 |       6 |          6 |        3 |           7
 1061062    |     1 |       6 |          6 |        8 |           3
 1061061    |     1 |       6 |          6 |        8 |           7
 1061074    |     1 |       6 |          6 |        2 |           3
 1061073    |     1 |       6 |          6 |        2 |           7
 1061072    |     1 |       6 |          6 |        7 |           3
 1061071    |     1 |       6 |          6 |        7 |           7
 1061084    |     1 |       6 |          6 |        1 |           3
 1061083    |     1 |       6 |          6 |        1 |           7
 1061082    |     1 |       6 |          6 |        6 |           3
 1061081    |     1 |       6 |          6 |        6 |           7
 1061094    |     1 |       6 |          6 |        4 |           2
 1061093    |     1 |       6 |          6 |        4 |           6
 1061092    |     1 |       6 |          6 |        9 |           2
 1061091    |     1 |       6 |          6 |        9 |           6
 1061104    |     1 |       6 |          6 |        3 |           2
 1061103    |     1 |       6 |          6 |        3 |           6
 1061102    |     1 |       6 |          6 |        8 |           2
 1061101    |     1 |       6 |          6 |        8 |           6
 1061114    |     1 |       6 |          6 |        2 |           2
 1061113    |     1 |       6 |          6 |        2 |           6
 1061112    |     1 |       6 |          6 |        7 |           2
 1061111    |     1 |       6 |          6 |        7 |           6
 1061124    |     1 |       6 |          6 |        1 |           2
 1061123    |     1 |       6 |          6 |        1 |           6
 1061122    |     1 |       6 |          6 |        6 |           2
 1061121    |     1 |       6 |          6 |        6 |           6
 1061134    |     1 |       6 |          6 |        5 |           1
 1061133    |     1 |       6 |          6 |        5 |           5
 1061132    |     1 |       6 |          6 |       10 |           1
 1061131    |     1 |       6 |          6 |       10 |           5
 1061144    |     1 |       6 |          6 |        4 |           1
 1061143    |     1 |       6 |          6 |        4 |           5
 1061142    |     1 |       6 |          6 |        9 |           1
 1061141    |     1 |       6 |          6 |        9 |           5
 1061154    |     1 |       6 |          6 |        3 |           1
 1061153    |     1 |       6 |          6 |        3 |           5
 1061152    |     1 |       6 |          6 |        8 |           1
 1061151    |     1 |       6 |          6 |        8 |           5
 1061164    |     1 |       6 |          6 |        2 |           1
 1061163    |     1 |       6 |          6 |        2 |           5
 1061162    |     1 |       6 |          6 |        7 |           1
 1061161    |     1 |       6 |          6 |        7 |           5
 1061174    |     1 |       6 |          6 |        1 |           1
 1061173    |     1 |       6 |          6 |        1 |           5
 1061172    |     1 |       6 |          6 |        6 |           1
 1061171    |     1 |       6 |          6 |        6 |           5
 1071014    |     1 |       7 |          7 |       18 |           3
 1071013    |     1 |       7 |          7 |       18 |           5
 1071012    |     1 |       7 |          7 |       18 |           4
 1071011    |     1 |       7 |          7 |       18 |           6
 1071024    |     1 |       7 |          7 |       17 |           3
 1071023    |     1 |       7 |          7 |       17 |           5
 1071022    |     1 |       7 |          7 |       17 |           4
 1071021    |     1 |       7 |          7 |       17 |           6
 1071034    |     1 |       7 |          7 |        4 |           2
 1071033    |     1 |       7 |          7 |        8 |           2
 1071032    |     1 |       7 |          7 |       16 |           2
 1071031    |     1 |       7 |          7 |       12 |           2
 1071044    |     1 |       7 |          7 |        3 |           2
 1071043    |     1 |       7 |          7 |        7 |           2
 1071042    |     1 |       7 |          7 |       15 |           2
 1071041    |     1 |       7 |          7 |       11 |           2
 1071054    |     1 |       7 |          7 |        2 |           2
 1071053    |     1 |       7 |          7 |        6 |           2
 1071052    |     1 |       7 |          7 |       14 |           2
 1071051    |     1 |       7 |          7 |       10 |           2
 1071064    |     1 |       7 |          7 |        1 |           2
 1071063    |     1 |       7 |          7 |        5 |           2
 1071062    |     1 |       7 |          7 |       13 |           2
 1071061    |     1 |       7 |          7 |        9 |           2
 1071074    |     1 |       7 |          7 |        4 |           1
 1071073    |     1 |       7 |          7 |        8 |           1
 1071072    |     1 |       7 |          7 |       16 |           1
 1071071    |     1 |       7 |          7 |       12 |           1
 1071084    |     1 |       7 |          7 |        3 |           1
 1071083    |     1 |       7 |          7 |        7 |           1
 1071082    |     1 |       7 |          7 |       15 |           1
 1071081    |     1 |       7 |          7 |       11 |           1
 1071094    |     1 |       7 |          7 |        2 |           1
 1071093    |     1 |       7 |          7 |        6 |           1
 1071092    |     1 |       7 |          7 |       14 |           1
 1071091    |     1 |       7 |          7 |       10 |           1
 1071104    |     1 |       7 |          7 |        1 |           1
 1071103    |     1 |       7 |          7 |        5 |           1
 1071102    |     1 |       7 |          7 |       13 |           1
 1071101    |     1 |       7 |          7 |        9 |           1
 1081014    |     1 |       8 |          8 |        4 |           3
 1081013    |     1 |       8 |          8 |        8 |           3
 1081012    |     1 |       8 |          8 |       12 |           3
 1081011    |     1 |       8 |          8 |       16 |           3
 1081024    |     1 |       8 |          8 |        3 |           3
 1081023    |     1 |       8 |          8 |        7 |           3
 1081022    |     1 |       8 |          8 |       11 |           3
 1081021    |     1 |       8 |          8 |       15 |           3
 1081034    |     1 |       8 |          8 |        2 |           3
 1081033    |     1 |       8 |          8 |        6 |           3
 1081032    |     1 |       8 |          8 |       10 |           3
 1081031    |     1 |       8 |          8 |       14 |           3
 1081044    |     1 |       8 |          8 |        1 |           3
 1081043    |     1 |       8 |          8 |        5 |           3
 1081042    |     1 |       8 |          8 |        9 |           3
 1081041    |     1 |       8 |          8 |       13 |           3
 1081054    |     1 |       8 |          8 |        4 |           2
 1081053    |     1 |       8 |          8 |        8 |           2
 1081052    |     1 |       8 |          8 |       12 |           2
 1081051    |     1 |       8 |          8 |       16 |           2
 1081064    |     1 |       8 |          8 |        3 |           2
 1081063    |     1 |       8 |          8 |        7 |           2
 1081062    |     1 |       8 |          8 |       11 |           2
 1081061    |     1 |       8 |          8 |       15 |           2
 1081074    |     1 |       8 |          8 |        2 |           2
 1081073    |     1 |       8 |          8 |        6 |           2
 1081072    |     1 |       8 |          8 |       10 |           2
 1081071    |     1 |       8 |          8 |       14 |           2
 1081084    |     1 |       8 |          8 |        1 |           2
 1081083    |     1 |       8 |          8 |        5 |           2
 1081082    |     1 |       8 |          8 |        9 |           2
 1081081    |     1 |       8 |          8 |       13 |           2
 1081094    |     1 |       8 |          8 |        4 |           1
 1081093    |     1 |       8 |          8 |        8 |           1
 1081092    |     1 |       8 |          8 |       12 |           1
 1081091    |     1 |       8 |          8 |       16 |           1
 1081104    |     1 |       8 |          8 |        3 |           1
 1081103    |     1 |       8 |          8 |        7 |           1
 1081102    |     1 |       8 |          8 |       11 |           1
 1081101    |     1 |       8 |          8 |       15 |           1
 1081114    |     1 |       8 |          8 |        2 |           1
 1081113    |     1 |       8 |          8 |        6 |           1
 1081112    |     1 |       8 |          8 |       10 |           1
 1081111    |     1 |       8 |          8 |       14 |           1
 1081124    |     1 |       8 |          8 |        1 |           1
 1081123    |     1 |       8 |          8 |        5 |           1
 1081122    |     1 |       8 |          8 |        9 |           1
 1081121    |     1 |       8 |          8 |       13 |           1
 2011011    |     2 |       1 |          9 |        9 |           9
 2011021    |     2 |       1 |          9 |       10 |           9
 2011031    |     2 |       1 |          9 |        9 |          10
 2011041    |     2 |       1 |          9 |       10 |          10
 2021014    |     2 |       2 |          9 |        2 |           7
 2021013    |     2 |       2 |          9 |        2 |           8
 2021012    |     2 |       2 |          9 |        6 |           5
 2021011    |     2 |       2 |          9 |        6 |           6
 2021024    |     2 |       2 |          9 |        2 |           6
 2021023    |     2 |       2 |          9 |        3 |           1
 2021022    |     2 |       2 |          9 |        6 |           4
 2021021    |     2 |       2 |          9 |        6 |           7
 2021034    |     2 |       2 |          9 |        2 |           5
 2021033    |     2 |       2 |          9 |        3 |           2
 2021032    |     2 |       2 |          9 |        6 |           3
 2021031    |     2 |       2 |          9 |        6 |           8
 2021044    |     2 |       2 |          9 |        2 |           4
 2021043    |     2 |       2 |          9 |        3 |           3
 2021042    |     2 |       2 |          9 |        6 |           2
 2021041    |     2 |       2 |          9 |        7 |           1
 2021054    |     2 |       2 |          9 |        2 |           3
 2021053    |     2 |       2 |          9 |        3 |           4
 2021052    |     2 |       2 |          9 |        6 |           1
 2021051    |     2 |       2 |          9 |        7 |           2
 2021064    |     2 |       2 |          9 |        2 |           2
 2021063    |     2 |       2 |          9 |        3 |           5
 2021062    |     2 |       2 |          9 |        5 |           8
 2021061    |     2 |       2 |          9 |        7 |           3
 2021074    |     2 |       2 |          9 |        2 |           1
 2021073    |     2 |       2 |          9 |        3 |           6
 2021072    |     2 |       2 |          9 |        5 |           7
 2021071    |     2 |       2 |          9 |        7 |           4
 2021084    |     2 |       2 |          9 |        1 |           8
 2021083    |     2 |       2 |          9 |        3 |           7
 2021082    |     2 |       2 |          9 |        5 |           6
 2021081    |     2 |       2 |          9 |        7 |           5
 2021094    |     2 |       2 |          9 |        1 |           7
 2021093    |     2 |       2 |          9 |        3 |           8
 2021092    |     2 |       2 |          9 |        5 |           5
 2021091    |     2 |       2 |          9 |        7 |           6
 2021104    |     2 |       2 |          9 |        1 |           6
 2021103    |     2 |       2 |          9 |        4 |           1
 2021102    |     2 |       2 |          9 |        5 |           4
 2021101    |     2 |       2 |          9 |        7 |           7
 2021114    |     2 |       2 |          9 |        1 |           5
 2021113    |     2 |       2 |          9 |        4 |           2
 2021112    |     2 |       2 |          9 |        5 |           3
 2021111    |     2 |       2 |          9 |        7 |           8
 2021124    |     2 |       2 |          9 |        1 |           4
 2021123    |     2 |       2 |          9 |        4 |           3
 2021122    |     2 |       2 |          9 |        5 |           2
 2021121    |     2 |       2 |          9 |        8 |           1
 2021134    |     2 |       2 |          9 |        1 |           3
 2021133    |     2 |       2 |          9 |        4 |           4
 2021132    |     2 |       2 |          9 |        5 |           1
 2021131    |     2 |       2 |          9 |        8 |           2
 2021144    |     2 |       2 |          9 |        1 |           2
 2021143    |     2 |       2 |          9 |        4 |           5
 2021142    |     2 |       2 |          9 |        4 |           8
 2021141    |     2 |       2 |          9 |        8 |           3
 2021154    |     2 |       2 |          9 |        1 |           1
 2021153    |     2 |       2 |          9 |        4 |           6
 2021152    |     2 |       2 |          9 |        4 |           7
 2021151    |     2 |       2 |          9 |        8 |           4
 2031014    |     2 |       3 |         10 |        1 |           9
 2031013    |     2 |       3 |         10 |        1 |          13
 2031012    |     2 |       3 |         10 |        6 |           9
 2031011    |     2 |       3 |         10 |        6 |          13
 2032014    |     2 |       3 |         10 |        1 |           1
 2032013    |     2 |       3 |         10 |        4 |           6
 2032012    |     2 |       3 |         10 |        4 |           7
 2032011    |     2 |       3 |         10 |        8 |           4
 2031024    |     2 |       3 |         10 |        2 |           9
 2031023    |     2 |       3 |         10 |        2 |          13
 2031022    |     2 |       3 |         10 |        7 |           9
 2031021    |     2 |       3 |         10 |        7 |          13
 2032024    |     2 |       3 |         10 |        1 |           2
 2032023    |     2 |       3 |         10 |        4 |           5
 2032022    |     2 |       3 |         10 |        4 |           8
 2032021    |     2 |       3 |         10 |        8 |           3
 2031034    |     2 |       3 |         10 |        3 |           9
 2031033    |     2 |       3 |         10 |        3 |          13
 2031032    |     2 |       3 |         10 |        8 |           9
 2031031    |     2 |       3 |         10 |        8 |          13
 2032034    |     2 |       3 |         10 |        1 |           3
 2032033    |     2 |       3 |         10 |        4 |           4
 2032032    |     2 |       3 |         10 |        5 |           1
 2032031    |     2 |       3 |         10 |        8 |           2
 2031044    |     2 |       3 |         10 |        4 |           9
 2031043    |     2 |       3 |         10 |        4 |          13
 2031042    |     2 |       3 |         10 |        9 |           9
 2031041    |     2 |       3 |         10 |        9 |          13
 2032044    |     2 |       3 |         10 |        1 |           4
 2032043    |     2 |       3 |         10 |        4 |           3
 2032042    |     2 |       3 |         10 |        5 |           2
 2032041    |     2 |       3 |         10 |        8 |           1
 2031054    |     2 |       3 |         10 |        5 |           9
 2031053    |     2 |       3 |         10 |        5 |          13
 2031052    |     2 |       3 |         10 |       10 |           9
 2031051    |     2 |       3 |         10 |       10 |          13
 2032054    |     2 |       3 |         10 |        1 |           5
 2032053    |     2 |       3 |         10 |        4 |           2
 2032052    |     2 |       3 |         10 |        5 |           3
 2032051    |     2 |       3 |         10 |        7 |           8
 2031064    |     2 |       3 |         10 |        1 |          10
 2031063    |     2 |       3 |         10 |        1 |          14
 2031062    |     2 |       3 |         10 |        6 |          10
 2031061    |     2 |       3 |         10 |        6 |          14
 2032064    |     2 |       3 |         10 |        1 |           6
 2032063    |     2 |       3 |         10 |        4 |           1
 2032062    |     2 |       3 |         10 |        5 |           4
 2032061    |     2 |       3 |         10 |        7 |           7
 2031074    |     2 |       3 |         10 |        2 |          10
 2031073    |     2 |       3 |         10 |        2 |          14
 2031072    |     2 |       3 |         10 |        7 |          10
 2031071    |     2 |       3 |         10 |        7 |          14
 2032074    |     2 |       3 |         10 |        1 |           7
 2032073    |     2 |       3 |         10 |        3 |           8
 2032072    |     2 |       3 |         10 |        5 |           5
 2032071    |     2 |       3 |         10 |        7 |           6
 2031084    |     2 |       3 |         10 |        3 |          10
 2031083    |     2 |       3 |         10 |        3 |          14
 2031082    |     2 |       3 |         10 |        8 |          10
 2031081    |     2 |       3 |         10 |        8 |          14
 2032084    |     2 |       3 |         10 |        1 |           8
 2032083    |     2 |       3 |         10 |        3 |           7
 2032082    |     2 |       3 |         10 |        5 |           6
 2032081    |     2 |       3 |         10 |        7 |           5
 2031094    |     2 |       3 |         10 |        4 |          10
 2031093    |     2 |       3 |         10 |        4 |          14
 2031092    |     2 |       3 |         10 |        9 |          10
 2031091    |     2 |       3 |         10 |        9 |          14
 2032094    |     2 |       3 |         10 |        2 |           1
 2032093    |     2 |       3 |         10 |        3 |           6
 2032092    |     2 |       3 |         10 |        5 |           7
 2032091    |     2 |       3 |         10 |        7 |           4
 2031104    |     2 |       3 |         10 |        1 |          11
 2031103    |     2 |       3 |         10 |        1 |          15
 2031102    |     2 |       3 |         10 |        6 |          11
 2031101    |     2 |       3 |         10 |        6 |          15
 2032104    |     2 |       3 |         10 |        2 |           2
 2032103    |     2 |       3 |         10 |        3 |           5
 2032102    |     2 |       3 |         10 |        5 |           8
 2032101    |     2 |       3 |         10 |        7 |           3
 2031114    |     2 |       3 |         10 |        2 |          11
 2031113    |     2 |       3 |         10 |        2 |          15
 2031112    |     2 |       3 |         10 |        7 |          11
 2031111    |     2 |       3 |         10 |        7 |          15
 2032114    |     2 |       3 |         10 |        2 |           3
 2032113    |     2 |       3 |         10 |        3 |           4
 2032112    |     2 |       3 |         10 |        6 |           1
 2032111    |     2 |       3 |         10 |        7 |           2
 2031124    |     2 |       3 |         10 |        3 |          11
 2031123    |     2 |       3 |         10 |        3 |          15
 2031122    |     2 |       3 |         10 |        8 |          11
 2031121    |     2 |       3 |         10 |        8 |          15
 2032124    |     2 |       3 |         10 |        2 |           4
 2032123    |     2 |       3 |         10 |        3 |           3
 2032122    |     2 |       3 |         10 |        6 |           2
 2032121    |     2 |       3 |         10 |        7 |           1
 2031134    |     2 |       3 |         10 |        4 |          11
 2031133    |     2 |       3 |         10 |        4 |          15
 2031132    |     2 |       3 |         10 |        9 |          11
 2031131    |     2 |       3 |         10 |        9 |          15
 2032134    |     2 |       3 |         10 |        2 |           5
 2032133    |     2 |       3 |         10 |        3 |           2
 2032132    |     2 |       3 |         10 |        6 |           3
 2032131    |     2 |       3 |         10 |        6 |           8
 2031144    |     2 |       3 |         10 |        1 |          12
 2031143    |     2 |       3 |         10 |        1 |          16
 2031142    |     2 |       3 |         10 |        6 |          12
 2031141    |     2 |       3 |         10 |        6 |          16
 2032144    |     2 |       3 |         10 |        2 |           6
 2032143    |     2 |       3 |         10 |        3 |           1
 2032142    |     2 |       3 |         10 |        6 |           4
 2032141    |     2 |       3 |         10 |        6 |           7
 2031154    |     2 |       3 |         10 |        2 |          12
 2031153    |     2 |       3 |         10 |        2 |          16
 2031152    |     2 |       3 |         10 |        7 |          12
 2031151    |     2 |       3 |         10 |        7 |          16
 2032154    |     2 |       3 |         10 |        2 |           7
 2032153    |     2 |       3 |         10 |        2 |           8
 2032152    |     2 |       3 |         10 |        6 |           5
 2032151    |     2 |       3 |         10 |        6 |           6
 2031164    |     2 |       3 |         10 |        3 |          12
 2031163    |     2 |       3 |         10 |        3 |          16
 2031162    |     2 |       3 |         10 |        8 |          12
 2031161    |     2 |       3 |         10 |        8 |          16
 2032164    |     2 |       3 |         10 |        9 |           1
 2032163    |     2 |       3 |         10 |       11 |           4
 2032162    |     2 |       3 |         10 |       11 |           5
 2032161    |     2 |       3 |         10 |       13 |           8
 2031174    |     2 |       3 |         10 |        4 |          12
 2031173    |     2 |       3 |         10 |        4 |          16
 2031172    |     2 |       3 |         10 |        9 |          12
 2031171    |     2 |       3 |         10 |        9 |          16
 2032174    |     2 |       3 |         10 |        9 |           2
 2032173    |     2 |       3 |         10 |       11 |           3
 2032172    |     2 |       3 |         10 |       11 |           6
 2032171    |     2 |       3 |         10 |       13 |           7
 2032184    |     2 |       3 |         10 |        9 |           3
 2032183    |     2 |       3 |         10 |       11 |           2
 2032182    |     2 |       3 |         10 |       11 |           7
 2032181    |     2 |       3 |         10 |       13 |           6
 2032194    |     2 |       3 |         10 |        9 |           4
 2032193    |     2 |       3 |         10 |       11 |           1
 2032192    |     2 |       3 |         10 |       11 |           8
 2032191    |     2 |       3 |         10 |       13 |           5
 2032204    |     2 |       3 |         10 |        9 |           5
 2032203    |     2 |       3 |         10 |       10 |           8
 2032202    |     2 |       3 |         10 |       12 |           1
 2032201    |     2 |       3 |         10 |       13 |           4
 2041014    |     2 |       3 |         10 |        1 |          17
 2041013    |     2 |       3 |         10 |        1 |          18
 2041012    |     2 |       3 |         10 |        6 |          17
 2041011    |     2 |       3 |         10 |        6 |          18
 2042014    |     2 |       3 |         10 |        9 |           6
 2042013    |     2 |       3 |         10 |       10 |           7
 2042012    |     2 |       3 |         10 |       12 |           2
 2042011    |     2 |       3 |         10 |       13 |           3
 2041024    |     2 |       3 |         10 |        2 |          17
 2041023    |     2 |       3 |         10 |        2 |          18
 2041022    |     2 |       3 |         10 |        7 |          17
 2041021    |     2 |       3 |         10 |        7 |          18
 2042024    |     2 |       3 |         10 |        9 |           7
 2042023    |     2 |       3 |         10 |       10 |           6
 2042022    |     2 |       3 |         10 |       12 |           3
 2042021    |     2 |       3 |         10 |       13 |           2
 2041034    |     2 |       3 |         10 |        3 |          17
 2041033    |     2 |       3 |         10 |        3 |          18
 2041032    |     2 |       3 |         10 |        8 |          17
 2041031    |     2 |       3 |         10 |        8 |          18
 2042034    |     2 |       3 |         10 |        9 |           8
 2042033    |     2 |       3 |         10 |       10 |           5
 2042032    |     2 |       3 |         10 |       12 |           4
 2042031    |     2 |       3 |         10 |       13 |           1
 2041044    |     2 |       3 |         10 |        4 |          17
 2041043    |     2 |       3 |         10 |        4 |          18
 2041042    |     2 |       3 |         10 |        9 |          17
 2041041    |     2 |       3 |         10 |        9 |          18
 2042044    |     2 |       3 |         10 |       10 |           1
 2042043    |     2 |       3 |         10 |       10 |           4
 2042042    |     2 |       3 |         10 |       12 |           5
 2042041    |     2 |       3 |         10 |       12 |           8
 2041054    |     2 |       3 |         10 |        5 |          17
 2041053    |     2 |       3 |         10 |        5 |          18
 2041052    |     2 |       3 |         10 |       10 |          17
 2041051    |     2 |       3 |         10 |       10 |          18
 2042054    |     2 |       3 |         10 |       10 |           2
 2042053    |     2 |       3 |         10 |       10 |           3
 2042052    |     2 |       3 |         10 |       12 |           6
 2042051    |     2 |       3 |         10 |       12 |           7
 2041064    |     2 |       4 |         11 |        1 |          13
 2041063    |     2 |       4 |         11 |        1 |          16
 2041062    |     2 |       4 |         11 |        6 |          13
 2041061    |     2 |       4 |         11 |        6 |          16
 2042064    |     2 |       4 |         11 |       17 |           1
 2042063    |     2 |       4 |         11 |       20 |           6
 2042062    |     2 |       4 |         11 |       20 |           7
 2042061    |     2 |       4 |         11 |       24 |           4
 2041074    |     2 |       4 |         11 |        2 |          13
 2041073    |     2 |       4 |         11 |        2 |          16
 2041072    |     2 |       4 |         11 |        7 |          13
 2041071    |     2 |       4 |         11 |        7 |          16
 2042074    |     2 |       4 |         11 |       17 |           2
 2042073    |     2 |       4 |         11 |       20 |           5
 2042072    |     2 |       4 |         11 |       20 |           8
 2042071    |     2 |       4 |         11 |       24 |           3
 2041084    |     2 |       4 |         11 |        3 |          13
 2041083    |     2 |       4 |         11 |        3 |          16
 2041082    |     2 |       4 |         11 |        8 |          13
 2041081    |     2 |       4 |         11 |        8 |          16
 2042084    |     2 |       4 |         11 |       17 |           3
 2042083    |     2 |       4 |         11 |       20 |           4
 2042082    |     2 |       4 |         11 |       21 |           1
 2042081    |     2 |       4 |         11 |       24 |           2
 2041094    |     2 |       4 |         11 |        4 |          13
 2041093    |     2 |       4 |         11 |        4 |          16
 2041092    |     2 |       4 |         11 |        9 |          13
 2041091    |     2 |       4 |         11 |        9 |          16
 2042094    |     2 |       4 |         11 |       17 |           4
 2042093    |     2 |       4 |         11 |       20 |           3
 2042092    |     2 |       4 |         11 |       21 |           2
 2042091    |     2 |       4 |         11 |       24 |           1
 2041104    |     2 |       4 |         11 |        1 |          14
 2041103    |     2 |       4 |         11 |        1 |          17
 2041102    |     2 |       4 |         11 |        6 |          14
 2041101    |     2 |       4 |         11 |        6 |          17
 2042104    |     2 |       4 |         11 |       17 |           5
 2042103    |     2 |       4 |         11 |       20 |           2
 2042102    |     2 |       4 |         11 |       21 |           3
 2042101    |     2 |       4 |         11 |       23 |           8
 2041114    |     2 |       4 |         11 |        2 |          14
 2041113    |     2 |       4 |         11 |        2 |          17
 2041112    |     2 |       4 |         11 |        7 |          14
 2041111    |     2 |       4 |         11 |        7 |          17
 2042114    |     2 |       4 |         11 |       17 |           6
 2042113    |     2 |       4 |         11 |       20 |           1
 2042112    |     2 |       4 |         11 |       21 |           4
 2042111    |     2 |       4 |         11 |       23 |           7
 2041124    |     2 |       4 |         11 |        3 |          14
 2041123    |     2 |       4 |         11 |        3 |          17
 2041122    |     2 |       4 |         11 |        8 |          14
 2041121    |     2 |       4 |         11 |        8 |          17
 2042124    |     2 |       4 |         11 |       17 |           7
 2042123    |     2 |       4 |         11 |       19 |           8
 2042122    |     2 |       4 |         11 |       21 |           5
 2042121    |     2 |       4 |         11 |       23 |           6
 2041134    |     2 |       4 |         11 |        4 |          14
 2041133    |     2 |       4 |         11 |        4 |          17
 2041132    |     2 |       4 |         11 |        9 |          14
 2041131    |     2 |       4 |         11 |        9 |          17
 2042134    |     2 |       4 |         11 |       17 |           8
 2042133    |     2 |       4 |         11 |       19 |           7
 2042132    |     2 |       4 |         11 |       21 |           6
 2042131    |     2 |       4 |         11 |       23 |           5
 2041144    |     2 |       4 |         11 |        1 |          15
 2041143    |     2 |       4 |         11 |        1 |          18
 2041142    |     2 |       4 |         11 |        6 |          15
 2041141    |     2 |       4 |         11 |        6 |          18
 2042144    |     2 |       4 |         11 |       18 |           1
 2042143    |     2 |       4 |         11 |       19 |           6
 2042142    |     2 |       4 |         11 |       21 |           7
 2042141    |     2 |       4 |         11 |       23 |           4
 2041154    |     2 |       4 |         11 |        2 |          15
 2041153    |     2 |       4 |         11 |        2 |          18
 2041152    |     2 |       4 |         11 |        7 |          15
 2041151    |     2 |       4 |         11 |        7 |          18
 2042154    |     2 |       4 |         11 |       18 |           2
 2042153    |     2 |       4 |         11 |       19 |           5
 2042152    |     2 |       4 |         11 |       21 |           8
 2042151    |     2 |       4 |         11 |       23 |           3
 2041164    |     2 |       4 |         11 |        3 |          15
 2041163    |     2 |       4 |         11 |        3 |          18
 2041162    |     2 |       4 |         11 |        8 |          15
 2041161    |     2 |       4 |         11 |        8 |          18
 2042164    |     2 |       4 |         11 |       18 |           3
 2042163    |     2 |       4 |         11 |       19 |           4
 2042162    |     2 |       4 |         11 |       22 |           1
 2042161    |     2 |       4 |         11 |       23 |           2
 2041174    |     2 |       4 |         11 |        4 |          15
 2041173    |     2 |       4 |         11 |        4 |          18
 2041172    |     2 |       4 |         11 |        9 |          15
 2041171    |     2 |       4 |         11 |        9 |          18
 2042174    |     2 |       4 |         11 |       18 |           4
 2042173    |     2 |       4 |         11 |       19 |           3
 2042172    |     2 |       4 |         11 |       22 |           2
 2042171    |     2 |       4 |         11 |       23 |           1
 2042184    |     2 |       4 |         11 |       18 |           5
 2042183    |     2 |       4 |         11 |       19 |           2
 2042182    |     2 |       4 |         11 |       22 |           3
 2042181    |     2 |       4 |         11 |       22 |           8
 2042194    |     2 |       4 |         11 |       18 |           6
 2042193    |     2 |       4 |         11 |       19 |           1
 2042192    |     2 |       4 |         11 |       22 |           4
 2042191    |     2 |       4 |         11 |       22 |           7
 2042204    |     2 |       4 |         11 |       18 |           7
 2042203    |     2 |       4 |         11 |       18 |           8
 2042202    |     2 |       4 |         11 |       22 |           5
 2042201    |     2 |       4 |         11 |       22 |           6
 2051014    |     2 |       5 |         12 |        5 |           4
 2051013    |     2 |       5 |         12 |        5 |           8
 2051012    |     2 |       5 |         12 |       10 |           4
 2051011    |     2 |       5 |         12 |       10 |           8
 2051024    |     2 |       5 |         12 |        4 |           4
 2051023    |     2 |       5 |         12 |        4 |           8
 2051022    |     2 |       5 |         12 |        9 |           4
 2051021    |     2 |       5 |         12 |        9 |           8
 2051034    |     2 |       5 |         12 |        3 |           4
 2051033    |     2 |       5 |         12 |        3 |           8
 2051032    |     2 |       5 |         12 |        8 |           4
 2051031    |     2 |       5 |         12 |        8 |           8
 2051044    |     2 |       5 |         12 |        2 |           4
 2051043    |     2 |       5 |         12 |        2 |           8
 2051042    |     2 |       5 |         12 |        7 |           4
 2051041    |     2 |       5 |         12 |        7 |           8
 2051054    |     2 |       5 |         12 |        1 |           4
 2051053    |     2 |       5 |         12 |        1 |           8
 2051052    |     2 |       5 |         12 |        6 |           4
 2051051    |     2 |       5 |         12 |        6 |           8
 2051064    |     2 |       5 |         12 |        4 |           3
 2051063    |     2 |       5 |         12 |        4 |           7
 2051062    |     2 |       5 |         12 |        9 |           3
 2051061    |     2 |       5 |         12 |        9 |           7
 2051074    |     2 |       5 |         12 |        3 |           3
 2051073    |     2 |       5 |         12 |        3 |           7
 2051072    |     2 |       5 |         12 |        8 |           3
 2051071    |     2 |       5 |         12 |        8 |           7
 2051084    |     2 |       5 |         12 |        2 |           3
 2051083    |     2 |       5 |         12 |        2 |           7
 2051082    |     2 |       5 |         12 |        7 |           3
 2051081    |     2 |       5 |         12 |        7 |           7
 2051094    |     2 |       5 |         12 |        1 |           3
 2051093    |     2 |       5 |         12 |        1 |           7
 2051092    |     2 |       5 |         12 |        6 |           3
 2051091    |     2 |       5 |         12 |        6 |           7
 2051104    |     2 |       5 |         12 |        4 |           2
 2051103    |     2 |       5 |         12 |        4 |           6
 2051102    |     2 |       5 |         12 |        9 |           2
 2051101    |     2 |       5 |         12 |        9 |           6
 2051114    |     2 |       5 |         12 |        3 |           2
 2051113    |     2 |       5 |         12 |        3 |           6
 2051112    |     2 |       5 |         12 |        8 |           2
 2051111    |     2 |       5 |         12 |        8 |           6
 2051124    |     2 |       5 |         12 |        2 |           2
 2051123    |     2 |       5 |         12 |        2 |           6
 2051122    |     2 |       5 |         12 |        7 |           2
 2051121    |     2 |       5 |         12 |        7 |           6
 2051134    |     2 |       5 |         12 |        1 |           2
 2051133    |     2 |       5 |         12 |        1 |           6
 2051132    |     2 |       5 |         12 |        6 |           2
 2051131    |     2 |       5 |         12 |        6 |           6
 2051144    |     2 |       5 |         12 |        4 |           1
 2051143    |     2 |       5 |         12 |        4 |           5
 2051142    |     2 |       5 |         12 |        9 |           1
 2051141    |     2 |       5 |         12 |        9 |           5
 2051154    |     2 |       5 |         12 |        3 |           1
 2051153    |     2 |       5 |         12 |        3 |           5
 2051152    |     2 |       5 |         12 |        8 |           1
 2051151    |     2 |       5 |         12 |        8 |           5
 2051164    |     2 |       5 |         12 |        2 |           1
 2051163    |     2 |       5 |         12 |        2 |           5
 2051162    |     2 |       5 |         12 |        7 |           1
 2051161    |     2 |       5 |         12 |        7 |           5
 2051174    |     2 |       5 |         12 |        1 |           1
 2051173    |     2 |       5 |         12 |        1 |           5
 2051172    |     2 |       5 |         12 |        6 |           1
 2051171    |     2 |       5 |         12 |        6 |           5
 2061014    |     2 |       6 |         13 |        5 |           4
 2061013    |     2 |       6 |         13 |        5 |           8
 2061012    |     2 |       6 |         13 |       10 |           4
 2061011    |     2 |       6 |         13 |       10 |           8
 2061024    |     2 |       6 |         13 |        4 |           4
 2061023    |     2 |       6 |         13 |        4 |           8
 2061022    |     2 |       6 |         13 |        9 |           4
 2061021    |     2 |       6 |         13 |        9 |           8
 2061034    |     2 |       6 |         13 |        3 |           4
 2061033    |     2 |       6 |         13 |        3 |           8
 2061032    |     2 |       6 |         13 |        8 |           4
 2061031    |     2 |       6 |         13 |        8 |           8
 2061044    |     2 |       6 |         13 |        2 |           4
 2061043    |     2 |       6 |         13 |        2 |           8
 2061042    |     2 |       6 |         13 |        7 |           4
 2061041    |     2 |       6 |         13 |        7 |           8
 2061054    |     2 |       6 |         13 |        1 |           4
 2061053    |     2 |       6 |         13 |        1 |           8
 2061052    |     2 |       6 |         13 |        6 |           4
 2061051    |     2 |       6 |         13 |        6 |           8
 2061064    |     2 |       6 |         13 |        4 |           3
 2061063    |     2 |       6 |         13 |        4 |           7
 2061062    |     2 |       6 |         13 |        9 |           3
 2061061    |     2 |       6 |         13 |        9 |           7
 2061074    |     2 |       6 |         13 |        3 |           3
 2061073    |     2 |       6 |         13 |        3 |           7
 2061072    |     2 |       6 |         13 |        8 |           3
 2061071    |     2 |       6 |         13 |        8 |           7
 2061084    |     2 |       6 |         13 |        2 |           3
 2061083    |     2 |       6 |         13 |        2 |           7
 2061082    |     2 |       6 |         13 |        7 |           3
 2061081    |     2 |       6 |         13 |        7 |           7
 2061094    |     2 |       6 |         13 |        1 |           3
 2061093    |     2 |       6 |         13 |        1 |           7
 2061092    |     2 |       6 |         13 |        6 |           3
 2061091    |     2 |       6 |         13 |        6 |           7
 2061104    |     2 |       6 |         13 |        4 |           2
 2061103    |     2 |       6 |         13 |        4 |           6
 2061102    |     2 |       6 |         13 |        9 |           2
 2061101    |     2 |       6 |         13 |        9 |           6
 2061114    |     2 |       6 |         13 |        3 |           2
 2061113    |     2 |       6 |         13 |        3 |           6
 2061112    |     2 |       6 |         13 |        8 |           2
 2061111    |     2 |       6 |         13 |        8 |           6
 2061124    |     2 |       6 |         13 |        2 |           2
 2061123    |     2 |       6 |         13 |        2 |           6
 2061122    |     2 |       6 |         13 |        7 |           2
 2061121    |     2 |       6 |         13 |        7 |           6
 2061134    |     2 |       6 |         13 |        1 |           2
 2061133    |     2 |       6 |         13 |        1 |           6
 2061132    |     2 |       6 |         13 |        6 |           2
 2061131    |     2 |       6 |         13 |        6 |           6
 2061144    |     2 |       6 |         13 |        4 |           1
 2061143    |     2 |       6 |         13 |        4 |           5
 2061142    |     2 |       6 |         13 |        9 |           1
 2061141    |     2 |       6 |         13 |        9 |           5
 2061154    |     2 |       6 |         13 |        3 |           1
 2061153    |     2 |       6 |         13 |        3 |           5
 2061152    |     2 |       6 |         13 |        8 |           1
 2061151    |     2 |       6 |         13 |        8 |           5
 2061164    |     2 |       6 |         13 |        2 |           1
 2061163    |     2 |       6 |         13 |        2 |           5
 2061162    |     2 |       6 |         13 |        7 |           1
 2061161    |     2 |       6 |         13 |        7 |           5
 2061174    |     2 |       6 |         13 |        1 |           1
 2061173    |     2 |       6 |         13 |        1 |           5
 2061172    |     2 |       6 |         13 |        6 |           1
 2061171    |     2 |       6 |         13 |        6 |           5
 2071014    |     2 |       7 |         14 |       12 |           1
 2071013    |     2 |       7 |         14 |       12 |           4
 2071012    |     2 |       7 |         14 |       12 |           2
 2071011    |     2 |       7 |         14 |       12 |           5
 2071024    |     2 |       7 |         14 |       11 |           1
 2071023    |     2 |       7 |         14 |       11 |           4
 2071022    |     2 |       7 |         14 |       11 |           2
 2071021    |     2 |       7 |         14 |       11 |           5
 2071034    |     2 |       7 |         14 |        5 |           3
 2071033    |     2 |       7 |         14 |        5 |           6
 2071032    |     2 |       7 |         14 |       10 |           3
 2071031    |     2 |       7 |         14 |       10 |           6
 2071044    |     2 |       7 |         14 |        4 |           3
 2071043    |     2 |       7 |         14 |        4 |           6
 2071042    |     2 |       7 |         14 |        9 |           3
 2071041    |     2 |       7 |         14 |        9 |           6
 2071054    |     2 |       7 |         14 |        3 |           3
 2071053    |     2 |       7 |         14 |        3 |           6
 2071052    |     2 |       7 |         14 |        8 |           3
 2071051    |     2 |       7 |         14 |        8 |           6
 2071064    |     2 |       7 |         14 |        2 |           3
 2071063    |     2 |       7 |         14 |        2 |           6
 2071062    |     2 |       7 |         14 |        7 |           3
 2071061    |     2 |       7 |         14 |        7 |           6
 2071074    |     2 |       7 |         14 |        1 |           3
 2071073    |     2 |       7 |         14 |        1 |           6
 2071072    |     2 |       7 |         14 |        6 |           3
 2071071    |     2 |       7 |         14 |        6 |           6
 2071084    |     2 |       7 |         14 |        4 |           2
 2071083    |     2 |       7 |         14 |        4 |           5
 2071082    |     2 |       7 |         14 |        9 |           2
 2071081    |     2 |       7 |         14 |        9 |           5
 2071094    |     2 |       7 |         14 |        3 |           2
 2071093    |     2 |       7 |         14 |        3 |           5
 2071092    |     2 |       7 |         14 |        8 |           2
 2071091    |     2 |       7 |         14 |        8 |           5
 2071104    |     2 |       7 |         14 |        2 |           2
 2071103    |     2 |       7 |         14 |        2 |           5
 2071102    |     2 |       7 |         14 |        7 |           2
 2071101    |     2 |       7 |         14 |        7 |           5
 2071114    |     2 |       7 |         14 |        1 |           2
 2071113    |     2 |       7 |         14 |        1 |           5
 2071112    |     2 |       7 |         14 |        6 |           2
 2071111    |     2 |       7 |         14 |        6 |           5
 2081014    |     2 |       8 |         15 |        4 |           3
 2081013    |     2 |       8 |         15 |        4 |           6
 2081012    |     2 |       8 |         15 |        9 |           3
 2081011    |     2 |       8 |         15 |        9 |           6
 2081024    |     2 |       8 |         15 |        3 |           3
 2081023    |     2 |       8 |         15 |        3 |           6
 2081022    |     2 |       8 |         15 |        8 |           3
 2081021    |     2 |       8 |         15 |        8 |           6
 2081034    |     2 |       8 |         15 |        2 |           3
 2081033    |     2 |       8 |         15 |        2 |           6
 2081032    |     2 |       8 |         15 |        7 |           3
 2081031    |     2 |       8 |         15 |        7 |           6
 2081044    |     2 |       8 |         15 |        1 |           3
 2081043    |     2 |       8 |         15 |        1 |           6
 2081042    |     2 |       8 |         15 |        6 |           3
 2081041    |     2 |       8 |         15 |        6 |           6
 2081054    |     2 |       8 |         15 |        4 |           2
 2081053    |     2 |       8 |         15 |        4 |           5
 2081052    |     2 |       8 |         15 |        9 |           2
 2081051    |     2 |       8 |         15 |        9 |           5
 2081064    |     2 |       8 |         15 |        3 |           2
 2081063    |     2 |       8 |         15 |        3 |           5
 2081062    |     2 |       8 |         15 |        8 |           2
 2081061    |     2 |       8 |         15 |        8 |           5
 2081074    |     2 |       8 |         15 |        2 |           2
 2081073    |     2 |       8 |         15 |        2 |           5
 2081072    |     2 |       8 |         15 |        7 |           2
 2081071    |     2 |       8 |         15 |        7 |           5
 2081084    |     2 |       8 |         15 |        1 |           2
 2081083    |     2 |       8 |         15 |        1 |           5
 2081082    |     2 |       8 |         15 |        6 |           2
 2081081    |     2 |       8 |         15 |        6 |           5
 2081094    |     2 |       8 |         15 |        5 |           1
 2081093    |     2 |       8 |         15 |        5 |           4
 2081092    |     2 |       8 |         15 |       10 |           1
 2081091    |     2 |       8 |         15 |       10 |           4
 2081104    |     2 |       8 |         15 |        4 |           1
 2081103    |     2 |       8 |         15 |        4 |           4
 2081102    |     2 |       8 |         15 |        9 |           1
 2081101    |     2 |       8 |         15 |        9 |           4
 2081114    |     2 |       8 |         15 |        3 |           1
 2081113    |     2 |       8 |         15 |        3 |           4
 2081112    |     2 |       8 |         15 |        8 |           1
 2081111    |     2 |       8 |         15 |        8 |           4
 2081124    |     2 |       8 |         15 |        2 |           1
 2081123    |     2 |       8 |         15 |        2 |           4
 2081122    |     2 |       8 |         15 |        7 |           1
 2081121    |     2 |       8 |         15 |        7 |           4
 2081134    |     2 |       8 |         15 |        1 |           1
 2081133    |     2 |       8 |         15 |        1 |           4
 2081132    |     2 |       8 |         15 |        6 |           1
 2081131    |     2 |       8 |         15 |        6 |           4
(1214 rows)

