30140472183014047218.2.01   199240010931               22031131   219000990561760010690711
30140472183014047218.2.01   199240010952               22031151   219000990561760010690711
30140472203014047220.1.01   181650483                  11031052    24500990561760010690731
30140472363014047236.2.01   199240014074               62032171   181200990561760010690791
30140472383014047238.2.01   199240014074               42032171   120800990561760010690807
30140472383014047238.2.01   199240014074               22032171    60400990561760010690807
30140472443014047244.1.01   181650464                  31061104    73500990561760010690817
30140472503014047250.2.01   199240012847               22071014    79000990561760010690827
30140472543014047254.1.01   181650355                  11032094    24500990561760010690837
30140472553014047255.1.01   181650355                  21032094    49000990561760010690847
30140472573014047257.2.01   199240012847               12071014    39500990561760010690857
30140472593014047259.1.01   181650355                  11032094    24500990561760010690867
30140472613014047261.2.01   199240012847               12071014    39500990561760010690877
30140472653014047265.2.01   199240012847               12071014    39500990561760010690887
30140472663014047266.2.01   199240012847               12071014    39500990561760010690897
30140472693014047269.1.01   181650464                  11061104    24500990561760010690904
30140472703014047270.1.01   181650355                  11032094    24500990561760010690914
30140472723014047272.1.01   181650355                  21032094    49000990561760010690924
30140472743014047274.1.01   181650464                  11061104    24500990561760010690934
30140472783014047278.1.01   181650355                  11032094    24500990561760010690954
30140472803014047280.1.01   181606525                  11031134   123800990561760010690964
30140472813014047281.2.01   181585280                  22061132    25400990561760010690974
30140472833014047283.1.01   181650464                  61061104   147000990561760010690984
30140472853014047285.1.01   181650464                  11061104    24500990561760010690994
30140472863014047286.1.01   181650464                  11061104    24500990561760010691001
30140472883014047288.2.01   181585280                  12061132    12700990561760010691011
30140472903014047290.1.01   181650464                  21061104    49000990561760010691021
30140472913014047291.1.01   181650355                  11032094    24500990561760010691031
30140472923014047292.1.01   181650464                  21061104    49000990561760010691041
30140472953014047295.1.01   181606525                  11031134   123800990561760010691051
30140472973014047297.1.01   181650464                  21061104    49000990561760010691061
30140473003014047300.1.01   181650355                  21032094    49000990561760010691071
30140473013014047301.1.01   181650464                  11061104    24500990561760010691081
30140473033014047303.2.01   199240014074               62032171   181200990561760010691091
