30313923253031392325.1.01   199350115282               31012171   325200990561760010100304
30313923253031392325.1.01   199350115265               31022031   331500990561760010100304
30313923253031392325.1.01   199350112358               61042172   133200990561760010100304
30313923253031392325.1.01   299350112358               41042172    88800990561760010100311
30313923253031392325.1.01   299350118475              361061122   864000990561760010100311
30313923263031392326.1.01   199350115282               31012171   325200990561760010100328
30313923263031392326.1.01   199350115265               31022031   331500990561760010100328
30313923263031392326.1.01   199350112358               61042172   133200990561760010100328
30313923263031392326.1.01   299350112358               41042172    88800990561760010100335
30313923263031392326.1.01   299350118474              361061102   864000990561760010100335
30313923263031392326.1.01   299350118475               21061122    48000990561760010100335
30313923263031392326.1.01   399350118475              341061122   816000990561760010100342
30313923273031392327.1.01   199350115282               31012171   325200990561760010100359
30313923273031392327.1.01   199350115265               21022031   221000990561760010100359
30313923273031392327.1.01   199350115265               11022031   110500990561760010100359
30313923273031392327.1.01   199350112358               61042172   133200990561760010100359
30313923273031392327.1.01   299350112358               41042172    88800990561760010100366
30313923273031392327.1.01   299350118474              381061102   912000990561760010100366
30313923273031392327.1.01   399350118474              101061102   240000990561760010100373
30313923273031392327.1.01   399350118475              361061122   864000990561760010100373
