  ordprog   | cpnmcol | cpstato | cpprgcl | cpdteva  
------------+---------+---------+---------+----------
 3017227061 |       2 | A       | 0       | 20200110
 3017227007 |       2 | A       | 0       | 20200110
 3017227024 |       2 | A       | 0       | 20200110
 3017227049 |       1 | A       | 0       | 20200110
 3017227014 |       1 | A       | 0       | 20200110
 3017227014 |       2 | A       | 0       | 20200110
 3017227024 |       3 | A       | 0       | 20200110
 3017227049 |       2 | A       | 0       | 20200110
 3017227049 |       3 | A       | 0       | 20200110
 3017227033 |       1 | A       | 0       | 20200110
 3017229177 |       1 | A       | 0       | 20200110
 3017227033 |       2 | A       | 0       | 20200110
 3017227049 |       4 | A       | 0       | 20200110
 3017227061 |       2 | A       | 0       | 20200110
 3017227061 |       1 | A       | 0       | 20200110
 3017227049 |       1 | A       | 0       | 20200110
 3017227049 |       2 | A       | 0       | 20200110
 3017227049 |       3 | A       | 0       | 20200110
 3017227061 |       3 | A       | 0       | 20200110
 3017224701 |       1 | A       | 0       | 20200110
 3017226919 |       1 | A       | 0       | 20200110
 3017227061 |       1 | A       | 0       | 20200110
 3017226919 |       2 | A       | 0       | 20200110
 3017227000 |       1 | A       | 0       | 20200110
 3017226937 |       3 | A       | 0       | 20200110
 3017226985 |       1 | A       | 0       | 20200110
 3017229179 |       1 | A       | 0       | 20200110
 3017226995 |       2 | A       | 0       | 20200110
 3017226937 |       1 | A       | 0       | 20200110
 3017229178 |       1 | A       | 0       | 20200110
 3017226937 |       2 | A       | 0       | 20200110
 3017227007 |       1 | A       | 0       | 20200110
 3017226995 |       1 | A       | 0       | 20200110
 3017226937 |       4 | A       | 0       | 20200110
 3017227000 |       1 | A       | 0       | 20200110
 3017227014 |       1 | A       | 0       | 20200110
 3017227000 |       2 | A       | 0       | 20200110
 3017227033 |       1 | A       | 0       | 20200110
 3017227024 |       1 | A       | 0       | 20200110
 3017227024 |       1 | A       | 0       | 20200110
 3017227007 |       1 | A       | 0       | 20200110
 3017212744 |       1 | H       | 1000000 | 20200110
 3017203362 |       1 | H       | 1000000 | 20200109
 3017203362 |       2 | H       | 1000001 | 20200109
 3017212744 |       2 | H       | 1000001 | 20200110
 3017212744 |       3 | H       | 1000002 | 20200110
 3017203362 |       3 | H       | 1000002 | 20200109
 3017203362 |       1 | H       | 1000003 | 20200109
 3017212744 |       1 | H       | 1000003 | 20200110
 3017212744 |       2 | H       | 1000004 | 20200110
 3017203362 |       2 | H       | 1000004 | 20200109
 3017212744 |       3 | H       | 1000005 | 20200110
 3017203362 |       3 | H       | 1000005 | 20200109
 3017203362 |       4 | H       | 1000006 | 20200109
 3017212744 |       4 | H       | 1000006 | 20200110
 3017203362 |       5 | H       | 1000007 | 20200109
 3017212744 |       5 | H       | 1000007 | 20200110
 3017212754 |       1 | H       | 1000008 | 20200110
 3017203362 |       6 | H       | 1000008 | 20200109
 3017203492 |       1 | H       | 1000009 | 20200109
 3017212754 |       2 | H       | 1000009 | 20200110
 3017212754 |       1 | H       | 1000010 | 20200110
 3017203492 |       2 | H       | 1000010 | 20200109
 3017203492 |       3 | H       | 1000011 | 20200109
 3017212754 |       2 | H       | 1000011 | 20200110
 3017212754 |       3 | H       | 1000012 | 20200110
 3017203492 |       4 | H       | 1000012 | 20200109
 3017212754 |       4 | H       | 1000013 | 20200110
 3017203492 |       5 | H       | 1000013 | 20200109
 3017212754 |       5 | H       | 1000014 | 20200110
 3017203492 |       6 | H       | 1000014 | 20200109
 3017203492 |       1 | H       | 1000015 | 20200109
 3017222940 |       1 | H       | 1000015 | 20200110
 3017203492 |       2 | H       | 1000016 | 20200109
 3017222940 |       1 | H       | 1000016 | 20200110
 3017203492 |       3 | H       | 1000017 | 20200109
 3017222940 |       2 | H       | 1000017 | 20200110
 3017222940 |       3 | H       | 1000018 | 20200110
 3017203492 |       4 | H       | 1000018 | 20200109
 3017222940 |       4 | H       | 1000019 | 20200110
 3017203492 |       5 | H       | 1000019 | 20200109
 3017203514 |       1 | H       | 1000020 | 20200109
 3017222940 |       5 | H       | 1000020 | 20200110
 3017203514 |       2 | H       | 1000021 | 20200109
 3017222940 |       6 | H       | 1000021 | 20200110
 3017203514 |       3 | H       | 1000022 | 20200109
 3017222933 |       1 | H       | 1000022 | 20200110
 3017203514 |       4 | H       | 1000023 | 20200109
 3017222812 |       1 | H       | 1000023 | 20200110
 3017222815 |       1 | H       | 1000024 | 20200110
 3017203514 |       5 | H       | 1000024 | 20200109
 3017203514 |       6 | H       | 1000025 | 20200109
 3017222819 |       1 | H       | 1000025 | 20200110
 3017222819 |       2 | H       | 1000026 | 20200110
 3017203514 |       1 | H       | 1000026 | 20200109
 3017222822 |       1 | H       | 1000027 | 20200110
 3017203514 |       2 | H       | 1000027 | 20200109
 3017203514 |       3 | H       | 1000028 | 20200109
 3017222822 |       1 | H       | 1000028 | 20200110
 3017222825 |       1 | H       | 1000029 | 20200110
 3017203514 |       4 | H       | 1000029 | 20200109
 3017203514 |       5 | H       | 1000030 | 20200109
 3017222825 |       1 | H       | 1000030 | 20200110
 3017203319 |       1 | H       | 1000031 | 20200109
 3017222829 |       1 | H       | 1000031 | 20200110
 3017222833 |       1 | H       | 1000032 | 20200110
 3017203319 |       1 | H       | 1000032 | 20200109
 3017203320 |       1 | H       | 1000033 | 20200109
 3017222837 |       1 | H       | 1000033 | 20200110
 3017203320 |       2 | H       | 1000034 | 20200109
 3017222846 |       1 | H       | 1000034 | 20200110
 3017203320 |       1 | H       | 1000035 | 20200109
 3017222846 |       2 | H       | 1000035 | 20200110
 3017222846 |       1 | H       | 1000036 | 20200110
 3017203321 |       1 | H       | 1000036 | 20200109
 3017203321 |       2 | H       | 1000037 | 20200109
 3017222846 |       2 | H       | 1000037 | 20200110
 3017203321 |       1 | H       | 1000038 | 20200109
 3017222855 |       1 | H       | 1000038 | 20200110
 3017222855 |       2 | H       | 1000039 | 20200110
 3017203322 |       1 | H       | 1000039 | 20200109
 3017203322 |       2 | H       | 1000040 | 20200109
 3017222865 |       1 | H       | 1000040 | 20200110
 3017203322 |       3 | H       | 1000041 | 20200109
 3017222865 |       2 | H       | 1000041 | 20200110
 3017222865 |       3 | H       | 1000042 | 20200110
 3017203322 |       1 | H       | 1000042 | 20200109
 3017222865 |       4 | H       | 1000043 | 20200110
 3017203322 |       2 | H       | 1000043 | 20200109
 3017203322 |       3 | H       | 1000044 | 20200109
 3017222865 |       1 | H       | 1000044 | 20200110
 3017222865 |       2 | H       | 1000045 | 20200110
 3017203323 |       1 | H       | 1000045 | 20200109
 3017222869 |       1 | H       | 1000046 | 20200110
 3017203324 |       1 | H       | 1000046 | 20200109
 3017203324 |       2 | H       | 1000047 | 20200109
 3017222872 |       1 | H       | 1000047 | 20200110
 3017203324 |       1 | H       | 1000048 | 20200109
 3017222876 |       1 | H       | 1000048 | 20200110
 3017203325 |       1 | H       | 1000049 | 20200109
 3017222876 |       2 | H       | 1000049 | 20200110
 3017222876 |       3 | H       | 1000050 | 20200110
 3017203325 |       1 | H       | 1000050 | 20200109
 3017203326 |       1 | H       | 1000051 | 20200109
 3017222876 |       1 | H       | 1000051 | 20200110
 3017203326 |       2 | H       | 1000052 | 20200109
 3017222890 |       1 | H       | 1000052 | 20200110
 3017203326 |       1 | H       | 1000053 | 20200109
 3017222890 |       2 | H       | 1000053 | 20200110
 3017222890 |       3 | H       | 1000054 | 20200110
 3017203326 |       2 | H       | 1000054 | 20200109
 3017203327 |       1 | H       | 1000055 | 20200109
 3017222890 |       4 | H       | 1000055 | 20200110
 3017222890 |       1 | H       | 1000056 | 20200110
 3017203327 |       2 | H       | 1000056 | 20200109
 3017222897 |       1 | H       | 1000057 | 20200110
 3017203327 |       1 | H       | 1000057 | 20200109
 3017203328 |       1 | H       | 1000058 | 20200109
 3017222897 |       2 | H       | 1000058 | 20200110
 3017222901 |       1 | H       | 1000059 | 20200110
 3017203328 |       2 | H       | 1000059 | 20200109
 3017222901 |       2 | H       | 1000060 | 20200110
 3017203328 |       1 | H       | 1000060 | 20200109
 3017222901 |       1 | H       | 1000061 | 20200110
 3017203329 |       1 | H       | 1000061 | 20200109
 3017222904 |       1 | H       | 1000062 | 20200110
 3017203329 |       2 | H       | 1000062 | 20200109
 3017222904 |       2 | H       | 1000063 | 20200110
 3017203331 |       1 | H       | 1000063 | 20200109
 3017203331 |       2 | H       | 1000064 | 20200109
 3017222904 |       1 | H       | 1000064 | 20200110
 3017222907 |       1 | H       | 1000065 | 20200110
 3017203331 |       3 | H       | 1000065 | 20200109
 3017203331 |       4 | H       | 1000066 | 20200109
 3017222920 |       1 | H       | 1000066 | 20200110
 3017222921 |       1 | H       | 1000067 | 20200110
 3017203331 |       1 | H       | 1000067 | 20200109
 3017222921 |       2 | H       | 1000068 | 20200110
 3017203332 |       1 | H       | 1000068 | 20200109
 3017222921 |       3 | H       | 1000069 | 20200110
 3017203333 |       1 | H       | 1000069 | 20200109
 3017203333 |       1 | H       | 1000070 | 20200109
 3017222921 |       1 | H       | 1000070 | 20200110
 3017222922 |       1 | H       | 1000071 | 20200110
 3017203333 |       2 | H       | 1000071 | 20200109
 3017222922 |       1 | H       | 1000072 | 20200110
 3017203334 |       1 | H       | 1000072 | 20200109
 3017222923 |       1 | H       | 1000073 | 20200110
 3017203334 |       2 | H       | 1000073 | 20200109
 3017222924 |       1 | H       | 1000074 | 20200110
 3017203334 |       1 | H       | 1000074 | 20200109
 3017203336 |       1 | H       | 1000075 | 20200109
 3017222925 |       1 | H       | 1000075 | 20200110
 3017222925 |       1 | H       | 1000076 | 20200110
 3017203336 |       2 | H       | 1000076 | 20200109
 3017222926 |       1 | H       | 1000077 | 20200110
 3017203336 |       1 | H       | 1000077 | 20200109
 3017203337 |       1 | H       | 1000078 | 20200109
 3017222927 |       1 | H       | 1000078 | 20200110
 3017222928 |       1 | H       | 1000079 | 20200110
 3017203338 |       1 | H       | 1000079 | 20200109
 3017203338 |       2 | H       | 1000080 | 20200109
 3017222928 |       1 | H       | 1000080 | 20200110
 3017203338 |       1 | H       | 1000081 | 20200109
 3017222929 |       1 | H       | 1000081 | 20200110
 3017222929 |       2 | H       | 1000082 | 20200110
 3017203339 |       1 | H       | 1000082 | 20200109
 3017222929 |       1 | H       | 1000083 | 20200110
 3017203339 |       1 | H       | 1000083 | 20200109
 3017222930 |       1 | H       | 1000084 | 20200110
 3017203340 |       1 | H       | 1000084 | 20200109
 3017203340 |       2 | H       | 1000085 | 20200109
 3017222930 |       2 | H       | 1000085 | 20200110
 3017203340 |       3 | H       | 1000086 | 20200109
 3017222930 |       3 | H       | 1000086 | 20200110
 3017222930 |       1 | H       | 1000087 | 20200110
 3017203340 |       1 | H       | 1000087 | 20200109
 3017203340 |       2 | H       | 1000088 | 20200109
 3017222930 |       2 | H       | 1000088 | 20200110
 3017203340 |       3 | H       | 1000089 | 20200109
 3017222931 |       1 | H       | 1000089 | 20200110
 3017222931 |       2 | H       | 1000090 | 20200110
 3017203340 |       4 | H       | 1000090 | 20200109
 3017203341 |       1 | H       | 1000091 | 20200109
 3017222932 |       1 | H       | 1000091 | 20200110
 3017203341 |       2 | H       | 1000092 | 20200109
 3017222932 |       1 | H       | 1000092 | 20200110
 3017203341 |       3 | H       | 1000093 | 20200109
 3017222932 |       2 | H       | 1000093 | 20200110
 3017203341 |       1 | H       | 1000094 | 20200109
 3017222934 |       1 | H       | 1000094 | 20200110
 3017222934 |       2 | H       | 1000095 | 20200110
 3017203341 |       2 | H       | 1000095 | 20200109
 3017203341 |       3 | H       | 1000096 | 20200109
 3017222934 |       1 | H       | 1000096 | 20200110
 3017222935 |       1 | H       | 1000097 | 20200110
 3017203342 |       1 | H       | 1000097 | 20200109
 3017203343 |       1 | H       | 1000098 | 20200109
 3017222936 |       1 | H       | 1000098 | 20200110
 3017203343 |       2 | H       | 1000099 | 20200109
 3017222936 |       1 | H       | 1000099 | 20200110
 3017203343 |       3 | H       | 1000100 | 20200109
 3017222937 |       1 | H       | 1000100 | 20200110
 3017222937 |       2 | H       | 1000101 | 20200110
 3017203343 |       1 | H       | 1000101 | 20200109
 3017222938 |       1 | H       | 1000102 | 20200110
 3017203343 |       2 | H       | 1000102 | 20200109
 3017203344 |       1 | H       | 1000103 | 20200109
 3017222939 |       1 | H       | 1000103 | 20200110
 3017203344 |       2 | H       | 1000104 | 20200109
 3017224703 |       1 | H       | 1000104 | 20200110
 3017224704 |       1 | H       | 1000105 | 20200110
 3017203344 |       1 | H       | 1000105 | 20200109
 3017224705 |       1 | H       | 1000106 | 20200110
 3017203344 |       2 | H       | 1000106 | 20200109
 3017203346 |       1 | H       | 1000107 | 20200109
 3017225890 |       1 | H       | 1000107 | 20200110
 3017225895 |       1 | H       | 1000108 | 20200110
 3017203346 |       1 | H       | 1000108 | 20200109
 3017203346 |       2 | H       | 1000109 | 20200109
 3017225895 |       1 | H       | 1000109 | 20200110
 3017203346 |       3 | H       | 1000110 | 20200109
 3017225896 |       1 | H       | 1000110 | 20200110
 3017225899 |       1 | H       | 1000111 | 20200110
 3017203347 |       1 | H       | 1000111 | 20200109
 3017225900 |       1 | H       | 1000112 | 20200110
 3017203349 |       1 | H       | 1000112 | 20200109
 3017203349 |       1 | H       | 1000113 | 20200109
 3017225900 |       1 | H       | 1000113 | 20200110
 3017225901 |       1 | H       | 1000114 | 20200110
 3017203350 |       1 | H       | 1000114 | 20200109
 3017203350 |       1 | H       | 1000115 | 20200109
 3017225903 |       1 | H       | 1000115 | 20200110
 3017225905 |       1 | H       | 1000116 | 20200110
 3017203351 |       1 | H       | 1000116 | 20200109
 3017225906 |       1 | H       | 1000117 | 20200110
 3017203351 |       2 | H       | 1000117 | 20200109
 3017203351 |       1 | H       | 1000118 | 20200109
 3017225907 |       1 | H       | 1000118 | 20200110
 3017203352 |       1 | H       | 1000119 | 20200109
 3017225909 |       1 | H       | 1000119 | 20200110
 3017186643 |       1 | H       | 1000120 | 20200108
 3017225911 |       1 | H       | 1000120 | 20200110
 3017203352 |       2 | H       | 1000120 | 20200109
 3017225913 |       1 | H       | 1000121 | 20200110
 3017186643 |       2 | H       | 1000121 | 20200108
 3017203352 |       3 | H       | 1000121 | 20200109
 3017186643 |       3 | H       | 1000122 | 20200108
 3017225914 |       1 | H       | 1000122 | 20200110
 3017203352 |       1 | H       | 1000122 | 20200109
 3017225916 |       1 | H       | 1000123 | 20200110
 3017203368 |       1 | H       | 1000123 | 20200109
 3017186643 |       4 | H       | 1000123 | 20200108
 3017203372 |       1 | H       | 1000124 | 20200109
 3017186646 |       1 | H       | 1000124 | 20200108
 3017225917 |       1 | H       | 1000124 | 20200110
 3017186646 |       1 | H       | 1000125 | 20200108
 3017203372 |       2 | H       | 1000125 | 20200109
 3017225919 |       1 | H       | 1000125 | 20200110
 3017225921 |       1 | H       | 1000126 | 20200110
 3017186653 |       1 | H       | 1000126 | 20200108
 3017203376 |       1 | H       | 1000126 | 20200109
 3017203380 |       1 | H       | 1000127 | 20200109
 3017186653 |       2 | H       | 1000127 | 20200108
 3017225923 |       1 | H       | 1000127 | 20200110
 3017186653 |       1 | H       | 1000128 | 20200108
 3017203380 |       1 | H       | 1000128 | 20200109
 3017225924 |       1 | H       | 1000128 | 20200110
 3017203380 |       2 | H       | 1000129 | 20200109
 3017225927 |       1 | H       | 1000129 | 20200110
 3017186653 |       2 | H       | 1000129 | 20200108
 3017186685 |       1 | H       | 1000130 | 20200108
 3017225928 |       1 | H       | 1000130 | 20200110
 3017203391 |       1 | H       | 1000130 | 20200109
 3017203391 |       2 | H       | 1000131 | 20200109
 3017190364 |       1 | H       | 1000131 | 20200108
 3017225929 |       1 | H       | 1000131 | 20200110
 3017225932 |       1 | H       | 1000132 | 20200110
 3017190366 |       1 | H       | 1000132 | 20200108
 3017203391 |       1 | H       | 1000132 | 20200109
 3017225933 |       1 | H       | 1000133 | 20200110
 3017203391 |       2 | H       | 1000133 | 20200109
 3017190366 |       1 | H       | 1000133 | 20200108
 3017225934 |       1 | H       | 1000134 | 20200110
 3017190367 |       1 | H       | 1000134 | 20200108
 3017203393 |       1 | H       | 1000134 | 20200109
 3017203393 |       1 | H       | 1000135 | 20200109
 3017225937 |       1 | H       | 1000135 | 20200110
 3017190367 |       1 | H       | 1000135 | 20200108
 3017190368 |       1 | H       | 1000136 | 20200108
 3017203402 |       1 | H       | 1000136 | 20200109
 3017225939 |       1 | H       | 1000136 | 20200110
 3017225940 |       1 | H       | 1000137 | 20200110
 3017190368 |       2 | H       | 1000137 | 20200108
 3017203402 |       2 | H       | 1000137 | 20200109
 3017225942 |       1 | H       | 1000138 | 20200110
 3017203402 |       1 | H       | 1000138 | 20200109
 3017190368 |       1 | H       | 1000138 | 20200108
 3017190369 |       1 | H       | 1000139 | 20200108
 3017225942 |       1 | H       | 1000139 | 20200110
 3017203413 |       1 | H       | 1000139 | 20200109
 3017225944 |       1 | H       | 1000140 | 20200110
 3017190369 |       2 | H       | 1000140 | 20200108
 3017203413 |       1 | H       | 1000140 | 20200109
 3017190370 |       1 | H       | 1000141 | 20200108
 3017225945 |       1 | H       | 1000141 | 20200110
 3017203419 |       1 | H       | 1000141 | 20200109
 3017225947 |       1 | H       | 1000142 | 20200110
 3017190372 |       1 | H       | 1000142 | 20200108
 3017203428 |       1 | H       | 1000142 | 20200109
 3017190374 |       1 | H       | 1000143 | 20200108
 3017225948 |       1 | H       | 1000143 | 20200110
 3017203428 |       1 | H       | 1000143 | 20200109
 3017190374 |       2 | H       | 1000144 | 20200108
 3017203428 |       2 | H       | 1000144 | 20200109
 3017225950 |       1 | H       | 1000144 | 20200110
 3017225952 |       1 | H       | 1000145 | 20200110
 3017203428 |       3 | H       | 1000145 | 20200109
 3017190374 |       3 | H       | 1000145 | 20200108
 3017190378 |       1 | H       | 1000146 | 20200108
 3017225953 |       1 | H       | 1000146 | 20200110
 3017203438 |       1 | H       | 1000146 | 20200109
 3017203438 |       2 | H       | 1000147 | 20200109
 3017190378 |       2 | H       | 1000147 | 20200108
 3017225953 |       1 | H       | 1000147 | 20200110
 3017225954 |       1 | H       | 1000148 | 20200110
 3017190378 |       3 | H       | 1000148 | 20200108
 3017203449 |       1 | H       | 1000148 | 20200109
 3017190379 |       1 | H       | 1000149 | 20200108
 3017225956 |       1 | H       | 1000149 | 20200110
 3017203457 |       1 | H       | 1000149 | 20200109
 3017190381 |       1 | H       | 1000150 | 20200108
 3017203457 |       1 | H       | 1000150 | 20200109
 3017225957 |       1 | H       | 1000150 | 20200110
 3017203457 |       2 | H       | 1000151 | 20200109
 3017190381 |       2 | H       | 1000151 | 20200108
 3017222916 |       1 | H       | 1000151 | 20200110
 3017222916 |       2 | H       | 1000152 | 20200110
 3017203457 |       3 | H       | 1000152 | 20200109
 3017190382 |       1 | H       | 1000152 | 20200108
 3017222916 |       3 | H       | 1000153 | 20200110
 3017190382 |       2 | H       | 1000153 | 20200108
 3017203469 |       1 | H       | 1000153 | 20200109
 3017190382 |       1 | H       | 1000154 | 20200108
 3017225894 |       1 | H       | 1000154 | 20200110
 3017203469 |       1 | H       | 1000154 | 20200109
 3017190383 |       1 | H       | 1000155 | 20200108
 3017203469 |       2 | H       | 1000155 | 20200109
 3017225891 |       1 | H       | 1000155 | 20200110
 3017203469 |       3 | H       | 1000156 | 20200109
 3017190385 |       1 | H       | 1000156 | 20200108
 3017224701 |       1 | E       | 1000156 | 20200110
 3017190386 |       1 | H       | 1000157 | 20200108
 3017203499 |       1 | H       | 1000157 | 20200109
 3017203499 |       1 | H       | 1000158 | 20200109
 3017224702 |       1 | H       | 1000158 | 20200110
 3017190386 |       1 | H       | 1000158 | 20200108
 3017203500 |       1 | H       | 1000159 | 20200109
 3017190387 |       1 | H       | 1000159 | 20200108
 3017226919 |       1 | E       | 1000159 | 20200110
 3017203500 |       1 | H       | 1000160 | 20200109
 3017190387 |       1 | H       | 1000160 | 20200108
 3017190389 |       1 | H       | 1000161 | 20200108
 3017203501 |       1 | H       | 1000161 | 20200109
 3017203502 |       1 | H       | 1000162 | 20200109
 3017190389 |       2 | H       | 1000162 | 20200108
 3017226937 |       1 | C       | 1000162 | 20200110
 3017226937 |       2 | C       | 1000163 | 20200110
 3017203503 |       1 | H       | 1000163 | 20200109
 3017190391 |       1 | H       | 1000163 | 20200108
 3017203503 |       2 | H       | 1000164 | 20200109
 3017190391 |       1 | H       | 1000164 | 20200108
 3017203503 |       1 | H       | 1000165 | 20200109
 3017190393 |       1 | H       | 1000165 | 20200108
 3017190393 |       1 | H       | 1000166 | 20200108
 3017203505 |       1 | H       | 1000166 | 20200109
 3017190394 |       1 | H       | 1000167 | 20200108
 3017203505 |       1 | H       | 1000167 | 20200109
 3017190394 |       2 | H       | 1000168 | 20200108
 3017203505 |       2 | H       | 1000168 | 20200109
 3017190394 |       3 | H       | 1000169 | 20200108
 3017203506 |       1 | H       | 1000169 | 20200109
 3017190395 |       1 | H       | 1000170 | 20200108
 3017203506 |       2 | H       | 1000170 | 20200109
 3017203506 |       1 | H       | 1000171 | 20200109
 3017190395 |       2 | H       | 1000171 | 20200108
 3017190398 |       1 | H       | 1000172 | 20200108
 3017203507 |       1 | H       | 1000172 | 20200109
 3017190398 |       2 | H       | 1000173 | 20200108
 3017203507 |       2 | H       | 1000173 | 20200109
 3017203507 |       1 | H       | 1000174 | 20200109
 3017190398 |       3 | H       | 1000174 | 20200108
 3017190398 |       4 | H       | 1000175 | 20200108
 3017203508 |       1 | H       | 1000175 | 20200109
 3017203508 |       2 | H       | 1000176 | 20200109
 3017190401 |       1 | H       | 1000176 | 20200108
 3017190401 |       2 | H       | 1000177 | 20200108
 3017203508 |       3 | H       | 1000177 | 20200109
 3017226995 |       1 | C       | 1000178 | 20200110
 3017190401 |       3 | H       | 1000178 | 20200108
 3017203508 |       1 | H       | 1000178 | 20200109
 3017190401 |       4 | H       | 1000179 | 20200108
 3017203508 |       2 | H       | 1000179 | 20200109
 3017203510 |       1 | H       | 1000180 | 20200109
 3017190902 |       1 | H       | 1000180 | 20200108
 3017190903 |       1 | H       | 1000181 | 20200108
 3017203510 |       2 | H       | 1000181 | 20200109
 3017190904 |       1 | H       | 1000182 | 20200108
 3017203511 |       1 | H       | 1000182 | 20200109
 3017190904 |       2 | H       | 1000183 | 20200108
 3017203512 |       1 | H       | 1000183 | 20200109
 3017190904 |       1 | H       | 1000184 | 20200108
 3017203512 |       1 | H       | 1000184 | 20200109
 3017203512 |       2 | H       | 1000185 | 20200109
 3017190905 |       1 | H       | 1000185 | 20200108
 3017203513 |       1 | H       | 1000186 | 20200109
 3017190905 |       1 | H       | 1000186 | 20200108
 3017203515 |       1 | H       | 1000187 | 20200109
 3017190906 |       1 | H       | 1000187 | 20200108
 3017203515 |       1 | H       | 1000188 | 20200109
 3017190906 |       2 | H       | 1000188 | 20200108
 3017190906 |       1 | H       | 1000189 | 20200108
 3017203515 |       2 | H       | 1000189 | 20200109
 3017190907 |       1 | H       | 1000190 | 20200108
 3017203515 |       3 | H       | 1000190 | 20200109
 3017190907 |       2 | H       | 1000191 | 20200108
 3017203516 |       1 | H       | 1000191 | 20200109
 3017190907 |       1 | H       | 1000192 | 20200108
 3017203516 |       2 | H       | 1000192 | 20200109
 3017190913 |       1 | H       | 1000193 | 20200108
 3017203517 |       1 | H       | 1000193 | 20200109
 3017203518 |       1 | H       | 1000194 | 20200109
 3017190913 |       1 | H       | 1000194 | 20200108
 3017203519 |       1 | H       | 1000195 | 20200109
 3017190913 |       2 | H       | 1000195 | 20200108
 3017205823 |       1 | H       | 1000196 | 20200109
 3017190921 |       1 | H       | 1000196 | 20200108
 3017205824 |       1 | H       | 1000197 | 20200109
 3017190921 |       2 | H       | 1000197 | 20200108
 3017190921 |       3 | H       | 1000198 | 20200108
 3017205824 |       1 | H       | 1000198 | 20200109
 3017205825 |       1 | H       | 1000199 | 20200109
 3017190921 |       1 | H       | 1000199 | 20200108
 3017205826 |       1 | H       | 1000200 | 20200109
 3017190927 |       1 | H       | 1000200 | 20200108
 3017205827 |       1 | H       | 1000201 | 20200109
 3017190927 |       2 | H       | 1000201 | 20200108
 3017205829 |       1 | H       | 1000202 | 20200109
 3017190927 |       1 | H       | 1000202 | 20200108
 3017205830 |       1 | H       | 1000203 | 20200109
 3017190938 |       1 | H       | 1000203 | 20200108
 3017205830 |       1 | H       | 1000204 | 20200109
 3017190938 |       2 | H       | 1000204 | 20200108
 3017190938 |       1 | H       | 1000205 | 20200108
 3017205831 |       1 | H       | 1000205 | 20200109
 3017190939 |       1 | H       | 1000206 | 20200108
 3017205832 |       1 | H       | 1000206 | 20200109
 3017205832 |       1 | H       | 1000207 | 20200109
 3017190939 |       1 | H       | 1000207 | 20200108
 3017190953 |       1 | H       | 1000208 | 20200108
 3017205833 |       1 | H       | 1000208 | 20200109
 3017205834 |       1 | H       | 1000209 | 20200109
 3017190953 |       2 | H       | 1000209 | 20200108
 3017190953 |       3 | H       | 1000210 | 20200108
 3017205835 |       1 | H       | 1000210 | 20200109
 3017190953 |       4 | H       | 1000211 | 20200108
 3017205836 |       1 | H       | 1000211 | 20200109
 3017190953 |       1 | H       | 1000212 | 20200108
 3017205838 |       1 | H       | 1000212 | 20200109
 3017205839 |       1 | H       | 1000213 | 20200109
 3017190953 |       2 | H       | 1000213 | 20200108
 3017205839 |       1 | H       | 1000214 | 20200109
 3017190953 |       3 | H       | 1000214 | 20200108
 3017205841 |       1 | H       | 1000215 | 20200109
 3017190953 |       4 | H       | 1000215 | 20200108
 3017190962 |       1 | H       | 1000216 | 20200108
 3017205842 |       1 | H       | 1000216 | 20200109
 3017190962 |       1 | H       | 1000217 | 20200108
 3017205843 |       1 | H       | 1000217 | 20200109
 3017190962 |       2 | H       | 1000218 | 20200108
 3017205844 |       1 | H       | 1000218 | 20200109
 3017190977 |       1 | H       | 1000219 | 20200108
 3017205845 |       1 | H       | 1000219 | 20200109
 3017205846 |       1 | H       | 1000220 | 20200109
 3017190977 |       2 | H       | 1000220 | 20200108
 3017190977 |       3 | H       | 1000221 | 20200108
 3017205847 |       1 | H       | 1000221 | 20200109
 3017190977 |       4 | H       | 1000222 | 20200108
 3017205848 |       1 | H       | 1000222 | 20200109
 3017190977 |       5 | H       | 1000223 | 20200108
 3017205848 |       1 | H       | 1000223 | 20200109
 3017205850 |       1 | H       | 1000224 | 20200109
 3017190977 |       6 | H       | 1000224 | 20200108
 3017190977 |       1 | H       | 1000225 | 20200108
 3017205851 |       1 | H       | 1000225 | 20200109
 3017190977 |       2 | H       | 1000226 | 20200108
 3017205852 |       1 | H       | 1000226 | 20200109
 3017205853 |       1 | H       | 1000227 | 20200109
 3017190977 |       3 | H       | 1000227 | 20200108
 3017190977 |       4 | H       | 1000228 | 20200108
 3017205854 |       1 | H       | 1000228 | 20200109
 3017205855 |       1 | H       | 1000229 | 20200109
 3017190982 |       1 | H       | 1000229 | 20200108
 3017190982 |       2 | H       | 1000230 | 20200108
 3017205857 |       1 | H       | 1000230 | 20200109
 3017190982 |       3 | H       | 1000231 | 20200108
 3017205858 |       1 | H       | 1000231 | 20200109
 3017190982 |       4 | H       | 1000232 | 20200108
 3017205859 |       1 | H       | 1000232 | 20200109
 3017205860 |       1 | H       | 1000233 | 20200109
 3017190987 |       1 | H       | 1000233 | 20200108
 3017190987 |       1 | H       | 1000234 | 20200108
 3017205861 |       1 | H       | 1000234 | 20200109
 3017205861 |       1 | H       | 1000235 | 20200109
 3017190998 |       1 | H       | 1000235 | 20200108
 3017205864 |       1 | H       | 1000236 | 20200109
 3017190998 |       2 | H       | 1000236 | 20200108
 3017190998 |       3 | H       | 1000237 | 20200108
 3017205865 |       1 | H       | 1000237 | 20200109
 3017205866 |       1 | H       | 1000238 | 20200109
 3017191004 |       1 | H       | 1000238 | 20200108
 3017191004 |       2 | H       | 1000239 | 20200108
 3017205867 |       1 | H       | 1000239 | 20200109
 3017191004 |       1 | H       | 1000240 | 20200108
 3017205868 |       1 | H       | 1000240 | 20200109
 3017205868 |       1 | H       | 1000241 | 20200109
 3017191005 |       1 | H       | 1000241 | 20200108
 3017191005 |       1 | H       | 1000242 | 20200108
 3017205869 |       1 | H       | 1000242 | 20200109
 3017205870 |       1 | H       | 1000243 | 20200109
 3017191005 |       2 | H       | 1000243 | 20200108
 3017191029 |       1 | H       | 1000244 | 20200108
 3017205872 |       1 | H       | 1000244 | 20200109
 3017191029 |       2 | H       | 1000245 | 20200108
 3017205873 |       1 | H       | 1000245 | 20200109
 3017191029 |       3 | H       | 1000246 | 20200108
 3017205874 |       1 | H       | 1000246 | 20200109
 3017205875 |       1 | H       | 1000247 | 20200109
 3017192722 |       1 | H       | 1000247 | 20200108
 3017205875 |       1 | H       | 1000248 | 20200109
 3017192722 |       2 | H       | 1000248 | 20200108
 3017192722 |       3 | H       | 1000249 | 20200108
 3017205876 |       1 | H       | 1000249 | 20200109
 3017192722 |       4 | H       | 1000250 | 20200108
 3017205877 |       1 | H       | 1000250 | 20200109
 3017192701 |       1 | H       | 1000251 | 20200108
 3017205878 |       1 | H       | 1000251 | 20200109
 3017192701 |       2 | H       | 1000252 | 20200108
 3017205879 |       1 | H       | 1000252 | 20200109
 3017192703 |       1 | H       | 1000253 | 20200108
 3017205880 |       1 | H       | 1000253 | 20200109
 3017192703 |       2 | H       | 1000254 | 20200108
 3017205881 |       1 | H       | 1000254 | 20200109
 3017205882 |       1 | H       | 1000255 | 20200109
 3017192703 |       1 | H       | 1000255 | 20200108
 3017192706 |       1 | H       | 1000256 | 20200108
 3017205883 |       1 | H       | 1000256 | 20200109
 3017192706 |       2 | H       | 1000257 | 20200108
 3017205885 |       1 | H       | 1000257 | 20200109
 3017205886 |       1 | H       | 1000258 | 20200109
 3017192706 |       1 | H       | 1000258 | 20200108
 3017192708 |       1 | H       | 1000259 | 20200108
 3017205887 |       1 | H       | 1000259 | 20200109
 3017205888 |       1 | H       | 1000260 | 20200109
 3017192708 |       2 | H       | 1000260 | 20200108
 3017192710 |       1 | H       | 1000261 | 20200108
 3017205889 |       1 | H       | 1000261 | 20200109
 3017192710 |       1 | H       | 1000262 | 20200108
 3017205890 |       1 | H       | 1000262 | 20200109
 3017205891 |       1 | H       | 1000263 | 20200109
 3017192711 |       1 | H       | 1000263 | 20200108
 3017205893 |       1 | H       | 1000264 | 20200109
 3017192711 |       1 | H       | 1000264 | 20200108
 3017205894 |       1 | H       | 1000265 | 20200109
 3017192713 |       1 | H       | 1000265 | 20200108
 3017205895 |       1 | H       | 1000266 | 20200109
 3017192713 |       2 | H       | 1000266 | 20200108
 3017205897 |       1 | H       | 1000267 | 20200109
 3017192714 |       1 | H       | 1000267 | 20200108
 3017205898 |       1 | H       | 1000268 | 20200109
 3017192716 |       1 | H       | 1000268 | 20200108
 3017192716 |       1 | H       | 1000269 | 20200108
 3017205899 |       1 | H       | 1000269 | 20200109
 3017192719 |       1 | H       | 1000270 | 20200108
 3017205900 |       1 | H       | 1000270 | 20200109
 3017205901 |       1 | H       | 1000271 | 20200109
 3017192723 |       1 | H       | 1000271 | 20200108
 3017192723 |       1 | H       | 1000272 | 20200108
 3017205903 |       1 | H       | 1000272 | 20200109
 3017192726 |       1 | H       | 1000273 | 20200108
 3017205904 |       1 | H       | 1000273 | 20200109
 3017205905 |       1 | H       | 1000274 | 20200109
 3017192726 |       2 | H       | 1000274 | 20200108
 3017205906 |       1 | H       | 1000275 | 20200109
 3017192726 |       1 | H       | 1000275 | 20200108
 3017192726 |       2 | H       | 1000276 | 20200108
 3017205907 |       1 | H       | 1000276 | 20200109
 3017205909 |       1 | H       | 1000277 | 20200109
 3017192726 |       3 | H       | 1000277 | 20200108
 3017192728 |       1 | H       | 1000278 | 20200108
 3017205909 |       1 | H       | 1000278 | 20200109
 3017192731 |       1 | H       | 1000279 | 20200108
 3017205910 |       1 | H       | 1000279 | 20200109
 3017205911 |       1 | H       | 1000280 | 20200109
 3017192735 |       1 | H       | 1000280 | 20200108
 3017205912 |       1 | H       | 1000281 | 20200109
 3017192738 |       1 | H       | 1000281 | 20200108
 3017192739 |       1 | H       | 1000282 | 20200108
 3017205913 |       1 | H       | 1000282 | 20200109
 3017192740 |       1 | H       | 1000283 | 20200108
 3017205914 |       1 | H       | 1000283 | 20200109
 3017192740 |       2 | H       | 1000284 | 20200108
 3017205915 |       1 | H       | 1000284 | 20200109
 3017192740 |       1 | H       | 1000285 | 20200108
 3017205916 |       1 | H       | 1000285 | 20200109
 3017192744 |       1 | H       | 1000286 | 20200108
 3017205917 |       1 | H       | 1000286 | 20200109
 3017205918 |       1 | H       | 1000287 | 20200109
 3017192744 |       1 | H       | 1000287 | 20200108
 3017192744 |       2 | H       | 1000288 | 20200108
 3017203394 |       1 | H       | 1000288 | 20200109
 3017192744 |       3 | H       | 1000289 | 20200108
 3017203394 |       2 | H       | 1000289 | 20200109
 3017192747 |       1 | H       | 1000290 | 20200108
 3017203394 |       3 | H       | 1000290 | 20200109
 3017205840 |       1 | H       | 1000291 | 20200109
 3017192747 |       2 | H       | 1000291 | 20200108
 3017205862 |       1 | H       | 1000292 | 20200109
 3017192747 |       1 | H       | 1000292 | 20200108
 3017192750 |       1 | H       | 1000293 | 20200108
 3017207355 |       1 | H       | 1000293 | 20200109
 3017192750 |       1 | H       | 1000294 | 20200108
 3017207355 |       2 | H       | 1000294 | 20200109
 3017208050 |       1 | H       | 1000295 | 20200109
 3017192752 |       1 | H       | 1000295 | 20200108
 3017208050 |       2 | H       | 1000296 | 20200109
 3017192752 |       2 | H       | 1000296 | 20200108
 3017192752 |       3 | H       | 1000297 | 20200108
 3017208050 |       1 | H       | 1000297 | 20200109
 3017208050 |       2 | H       | 1000298 | 20200109
 3017192752 |       1 | H       | 1000298 | 20200108
 3017192754 |       1 | H       | 1000299 | 20200108
 3017208107 |       1 | H       | 1000299 | 20200109
 3017192754 |       1 | H       | 1000300 | 20200108
 3017208107 |       1 | H       | 1000300 | 20200109
 3017209113 |       1 | H       | 1000301 | 20200109
 3017192754 |       2 | H       | 1000301 | 20200108
 3017192755 |       1 | H       | 1000302 | 20200108
 3017209113 |       2 | H       | 1000302 | 20200109
 3017192755 |       2 | H       | 1000303 | 20200108
 3017209116 |       1 | H       | 1000303 | 20200109
 3017209116 |       2 | H       | 1000304 | 20200109
 3017192755 |       1 | H       | 1000304 | 20200108
 3017192755 |       2 | H       | 1000305 | 20200108
 3017209122 |       1 | H       | 1000305 | 20200109
 3017192755 |       3 | H       | 1000306 | 20200108
 3017209122 |       1 | H       | 1000306 | 20200109
 3017192757 |       1 | H       | 1000307 | 20200108
 3017209122 |       2 | H       | 1000307 | 20200109
 3017209147 |       1 | H       | 1000308 | 20200109
 3017192757 |       1 | H       | 1000308 | 20200108
 3017209147 |       1 | H       | 1000309 | 20200109
 3017192758 |       1 | H       | 1000309 | 20200108
 3017209154 |       1 | H       | 1000310 | 20200109
 3017192758 |       1 | H       | 1000310 | 20200108
 3017192759 |       1 | H       | 1000311 | 20200108
 3017209154 |       2 | H       | 1000311 | 20200109
 3017192759 |       1 | H       | 1000312 | 20200108
 3017209154 |       3 | H       | 1000312 | 20200109
 3017209154 |       1 | H       | 1000313 | 20200109
 3017192759 |       2 | H       | 1000313 | 20200108
 3017209186 |       1 | H       | 1000314 | 20200109
 3017192761 |       1 | H       | 1000314 | 20200108
 3017192761 |       1 | H       | 1000315 | 20200108
 3017209186 |       1 | H       | 1000315 | 20200109
 3017209186 |       2 | H       | 1000316 | 20200109
 3017192763 |       1 | H       | 1000316 | 20200108
 3017209193 |       1 | H       | 1000317 | 20200109
 3017192763 |       1 | H       | 1000317 | 20200108
 3017193146 |       1 | H       | 1000318 | 20200108
 3017209193 |       2 | H       | 1000318 | 20200109
 3017209193 |       1 | H       | 1000319 | 20200109
 3017193151 |       1 | H       | 1000319 | 20200108
 3017209193 |       2 | H       | 1000320 | 20200109
 3017193151 |       2 | H       | 1000320 | 20200108
 3017209199 |       1 | H       | 1000321 | 20200109
 3017193152 |       1 | H       | 1000321 | 20200108
 3017209199 |       1 | H       | 1000322 | 20200109
 3017193154 |       1 | H       | 1000322 | 20200108
 3017193154 |       2 | H       | 1000323 | 20200108
 3017209199 |       2 | H       | 1000323 | 20200109
 3017209199 |       3 | H       | 1000324 | 20200109
 3017193154 |       1 | H       | 1000324 | 20200108
 3017194650 |       1 | H       | 1000325 | 20200108
 3017209201 |       1 | H       | 1000325 | 20200109
 3017209201 |       1 | H       | 1000326 | 20200109
 3017194650 |       2 | H       | 1000326 | 20200108
 3017209201 |       2 | H       | 1000327 | 20200109
 3017194650 |       3 | H       | 1000327 | 20200108
 3017209203 |       1 | H       | 1000328 | 20200109
 3017194650 |       4 | H       | 1000328 | 20200108
 3017209205 |       1 | H       | 1000329 | 20200109
 3017194650 |       1 | H       | 1000329 | 20200108
 3017209205 |       1 | H       | 1000330 | 20200109
 3017194666 |       1 | H       | 1000330 | 20200108
 3017209205 |       2 | H       | 1000331 | 20200109
 3017194666 |       2 | H       | 1000331 | 20200108
 3017194666 |       3 | H       | 1000332 | 20200108
 3017209205 |       3 | H       | 1000332 | 20200109
 3017194666 |       1 | H       | 1000333 | 20200108
 3017209207 |       1 | H       | 1000333 | 20200109
 3017194675 |       1 | H       | 1000334 | 20200108
 3017209207 |       2 | H       | 1000334 | 20200109
 3017209210 |       1 | H       | 1000335 | 20200109
 3017194675 |       2 | H       | 1000335 | 20200108
 3017209212 |       1 | H       | 1000336 | 20200109
 3017194675 |       1 | H       | 1000336 | 20200108
 3017209212 |       1 | H       | 1000337 | 20200109
 3017194675 |       2 | H       | 1000337 | 20200108
 3017194675 |       3 | H       | 1000338 | 20200108
 3017209214 |       1 | H       | 1000338 | 20200109
 3017209216 |       1 | H       | 1000339 | 20200109
 3017194678 |       1 | H       | 1000339 | 20200108
 3017209216 |       2 | H       | 1000340 | 20200109
 3017194678 |       2 | H       | 1000340 | 20200108
 3017194678 |       3 | H       | 1000341 | 20200108
 3017209218 |       1 | H       | 1000341 | 20200109
 3017194678 |       4 | H       | 1000342 | 20200108
 3017209222 |       1 | H       | 1000342 | 20200109
 3017209222 |       2 | H       | 1000343 | 20200109
 3017194678 |       5 | H       | 1000343 | 20200108
 3017209222 |       1 | H       | 1000344 | 20200109
 3017194689 |       1 | H       | 1000344 | 20200108
 3017209224 |       1 | H       | 1000345 | 20200109
 3017194689 |       2 | H       | 1000345 | 20200108
 3017209224 |       2 | H       | 1000346 | 20200109
 3017194689 |       3 | H       | 1000346 | 20200108
 3017194689 |       1 | H       | 1000347 | 20200108
 3017209224 |       3 | H       | 1000347 | 20200109
 3017209224 |       4 | H       | 1000348 | 20200109
 3017194689 |       2 | H       | 1000348 | 20200108
 3017194691 |       1 | H       | 1000349 | 20200108
 3017209224 |       5 | H       | 1000349 | 20200109
 3017209224 |       1 | H       | 1000350 | 20200109
 3017194691 |       2 | H       | 1000350 | 20200108
 3017194691 |       1 | H       | 1000351 | 20200108
 3017209225 |       1 | H       | 1000351 | 20200109
 3017194691 |       2 | H       | 1000352 | 20200108
 3017209225 |       1 | H       | 1000352 | 20200109
 3017194727 |       1 | H       | 1000353 | 20200108
 3017209227 |       1 | H       | 1000353 | 20200109
 3017194727 |       2 | H       | 1000354 | 20200108
 3017209233 |       1 | H       | 1000354 | 20200109
 3017194727 |       1 | H       | 1000355 | 20200108
 3017209233 |       2 | H       | 1000355 | 20200109
 3017209233 |       1 | H       | 1000356 | 20200109
 3017194727 |       2 | H       | 1000356 | 20200108
 3017194738 |       1 | H       | 1000357 | 20200108
 3017209233 |       2 | H       | 1000357 | 20200109
 3017209233 |       3 | H       | 1000358 | 20200109
 3017194738 |       1 | H       | 1000358 | 20200108
 3017194738 |       2 | H       | 1000359 | 20200108
 3017209238 |       1 | H       | 1000359 | 20200109
 3017209238 |       1 | H       | 1000360 | 20200109
 3017194738 |       3 | H       | 1000360 | 20200108
 3017209238 |       2 | H       | 1000361 | 20200109
 3017194738 |       4 | H       | 1000361 | 20200108
 3017194745 |       1 | H       | 1000362 | 20200108
 3017209239 |       1 | H       | 1000362 | 20200109
 3017209246 |       1 | H       | 1000363 | 20200109
 3017194745 |       2 | H       | 1000363 | 20200108
 3017194745 |       3 | H       | 1000364 | 20200108
 3017209246 |       1 | H       | 1000364 | 20200109
 3017194745 |       4 | H       | 1000365 | 20200108
 3017209246 |       2 | H       | 1000365 | 20200109
 3017209247 |       1 | H       | 1000366 | 20200109
 3017194745 |       5 | H       | 1000366 | 20200108
 3017209247 |       1 | H       | 1000367 | 20200109
 3017194745 |       1 | H       | 1000367 | 20200108
 3017194978 |       1 | H       | 1000368 | 20200108
 3017209247 |       2 | H       | 1000368 | 20200109
 3017194978 |       1 | H       | 1000369 | 20200108
 3017209251 |       1 | H       | 1000369 | 20200109
 3017194997 |       1 | H       | 1000370 | 20200108
 3017209251 |       1 | H       | 1000370 | 20200109
 3017194997 |       1 | H       | 1000371 | 20200108
 3017209251 |       2 | H       | 1000371 | 20200109
 3017194997 |       2 | H       | 1000372 | 20200108
 3017209254 |       1 | H       | 1000372 | 20200109
 3017195022 |       1 | H       | 1000373 | 20200108
 3017209256 |       1 | H       | 1000373 | 20200109
 3017195022 |       2 | H       | 1000374 | 20200108
 3017209267 |       1 | H       | 1000374 | 20200109
 3017195022 |       3 | H       | 1000375 | 20200108
 3017209267 |       2 | H       | 1000375 | 20200109
 3017209284 |       1 | H       | 1000376 | 20200109
 3017195022 |       1 | H       | 1000376 | 20200108
 3017195022 |       2 | H       | 1000377 | 20200108
 3017209284 |       2 | H       | 1000377 | 20200109
 3017195022 |       3 | H       | 1000378 | 20200108
 3017209284 |       1 | H       | 1000378 | 20200109
 3017209286 |       1 | H       | 1000379 | 20200109
 3017195027 |       1 | H       | 1000379 | 20200108
 3017195027 |       2 | H       | 1000380 | 20200108
 3017209290 |       1 | H       | 1000380 | 20200109
 3017209293 |       1 | H       | 1000381 | 20200109
 3017195027 |       3 | H       | 1000381 | 20200108
 3017195027 |       4 | H       | 1000382 | 20200108
 3017209293 |       1 | H       | 1000382 | 20200109
 3017209293 |       2 | H       | 1000383 | 20200109
 3017195027 |       1 | H       | 1000383 | 20200108
 3017195030 |       1 | H       | 1000384 | 20200108
 3017209293 |       3 | H       | 1000384 | 20200109
 3017195030 |       1 | H       | 1000385 | 20200108
 3017209295 |       1 | H       | 1000385 | 20200109
 3017209295 |       2 | H       | 1000386 | 20200109
 3017195030 |       2 | H       | 1000386 | 20200108
 3017194640 |       1 | H       | 1000387 | 20200108
 3017209295 |       1 | H       | 1000387 | 20200109
 3017194640 |       2 | H       | 1000388 | 20200108
 3017209299 |       1 | H       | 1000388 | 20200109
 3017194640 |       3 | H       | 1000389 | 20200108
 3017209299 |       2 | H       | 1000389 | 20200109
 3017209302 |       1 | H       | 1000390 | 20200109
 3017194640 |       4 | H       | 1000390 | 20200108
 3017209302 |       1 | H       | 1000391 | 20200109
 3017194640 |       5 | H       | 1000391 | 20200108
 3017194640 |       6 | H       | 1000392 | 20200108
 3017209305 |       1 | H       | 1000392 | 20200109
 3017194640 |       1 | H       | 1000393 | 20200108
 3017209305 |       1 | H       | 1000393 | 20200109
 3017194640 |       2 | H       | 1000394 | 20200108
 3017209305 |       2 | H       | 1000394 | 20200109
 3017194640 |       3 | H       | 1000395 | 20200108
 3017209307 |       1 | H       | 1000395 | 20200109
 3017209310 |       1 | H       | 1000396 | 20200109
 3017194640 |       4 | H       | 1000396 | 20200108
 3017209313 |       1 | H       | 1000397 | 20200109
 3017194640 |       5 | H       | 1000397 | 20200108
 3017209313 |       1 | H       | 1000398 | 20200109
 3017194640 |       6 | H       | 1000398 | 20200108
 3017209318 |       1 | H       | 1000399 | 20200109
 3017194640 |       1 | H       | 1000399 | 20200108
 3017209318 |       1 | H       | 1000400 | 20200109
 3017194640 |       2 | H       | 1000400 | 20200108
 3017194640 |       3 | H       | 1000401 | 20200108
 3017209323 |       1 | H       | 1000401 | 20200109
 3017209329 |       1 | H       | 1000402 | 20200109
 3017194640 |       4 | H       | 1000402 | 20200108
 3017194640 |       5 | H       | 1000403 | 20200108
 3017209329 |       1 | H       | 1000403 | 20200109
 3017209329 |       2 | H       | 1000404 | 20200109
 3017194712 |       1 | H       | 1000404 | 20200108
 3017209329 |       3 | H       | 1000405 | 20200109
 3017194712 |       2 | H       | 1000405 | 20200108
 3017194712 |       3 | H       | 1000406 | 20200108
 3017209333 |       1 | H       | 1000406 | 20200109
 3017194712 |       4 | H       | 1000407 | 20200108
 3017209342 |       1 | H       | 1000407 | 20200109
 3017194712 |       5 | H       | 1000408 | 20200108
 3017209342 |       2 | H       | 1000408 | 20200109
 3017209342 |       3 | H       | 1000409 | 20200109
 3017194712 |       6 | H       | 1000409 | 20200108
 3017209342 |       4 | H       | 1000410 | 20200109
 3017194712 |       1 | H       | 1000410 | 20200108
 3017209342 |       1 | H       | 1000411 | 20200109
 3017194712 |       2 | H       | 1000411 | 20200108
 3017209342 |       2 | H       | 1000412 | 20200109
 3017194712 |       3 | H       | 1000412 | 20200108
 3017194712 |       4 | H       | 1000413 | 20200108
 3017209346 |       1 | H       | 1000413 | 20200109
 3017194712 |       5 | H       | 1000414 | 20200108
 3017209349 |       1 | H       | 1000414 | 20200109
 3017209351 |       1 | H       | 1000415 | 20200109
 3017195012 |       1 | H       | 1000415 | 20200108
 3017195012 |       2 | H       | 1000416 | 20200108
 3017209361 |       1 | H       | 1000416 | 20200109
 3017209361 |       2 | H       | 1000417 | 20200109
 3017195012 |       3 | H       | 1000417 | 20200108
 3017209369 |       1 | H       | 1000418 | 20200109
 3017195012 |       4 | H       | 1000418 | 20200108
 3017195012 |       1 | H       | 1000419 | 20200108
 3017209369 |       2 | H       | 1000419 | 20200109
 3017209369 |       1 | H       | 1000420 | 20200109
 3017195012 |       2 | H       | 1000420 | 20200108
 3017195012 |       3 | H       | 1000421 | 20200108
 3017209377 |       1 | H       | 1000421 | 20200109
 3017209377 |       1 | H       | 1000422 | 20200109
 3017195012 |       4 | H       | 1000422 | 20200108
 3017209393 |       1 | H       | 1000423 | 20200109
 3017195012 |       5 | H       | 1000423 | 20200108
 3017209393 |       2 | H       | 1000424 | 20200109
 3017195012 |       6 | H       | 1000424 | 20200108
 3017195012 |       1 | H       | 1000425 | 20200108
 3017209393 |       3 | H       | 1000425 | 20200109
 3017209393 |       1 | H       | 1000426 | 20200109
 3017195012 |       2 | H       | 1000426 | 20200108
 3017194620 |       1 | H       | 1000427 | 20200108
 3017209393 |       2 | H       | 1000427 | 20200109
 3017194620 |       2 | H       | 1000428 | 20200108
 3017209393 |       3 | H       | 1000428 | 20200109
 3017194620 |       3 | H       | 1000429 | 20200108
 3017209405 |       1 | H       | 1000429 | 20200109
 3017209405 |       2 | H       | 1000430 | 20200109
 3017194646 |       1 | H       | 1000430 | 20200108
 3017194646 |       1 | H       | 1000431 | 20200109
 3017209405 |       3 | H       | 1000431 | 20200109
 3017194655 |       1 | H       | 1000432 | 20200108
 3017209405 |       1 | H       | 1000432 | 20200109
 3017209405 |       2 | H       | 1000433 | 20200109
 3017194655 |       1 | H       | 1000433 | 20200109
 3017209405 |       3 | H       | 1000434 | 20200109
 3017194659 |       1 | H       | 1000434 | 20200108
 3017209405 |       4 | H       | 1000435 | 20200109
 3017194659 |       2 | H       | 1000435 | 20200108
 3017209408 |       1 | H       | 1000436 | 20200109
 3017194659 |       3 | H       | 1000436 | 20200108
 3017209408 |       2 | H       | 1000437 | 20200109
 3017194659 |       1 | H       | 1000437 | 20200109
 3017209408 |       1 | H       | 1000438 | 20200109
 3017194659 |       2 | H       | 1000438 | 20200109
 3017194659 |       3 | H       | 1000439 | 20200109
 3017209411 |       1 | H       | 1000439 | 20200109
 3017194661 |       1 | H       | 1000440 | 20200108
 3017209411 |       2 | H       | 1000440 | 20200109
 3017194661 |       2 | H       | 1000441 | 20200108
 3017209411 |       3 | H       | 1000441 | 20200109
 3017194670 |       1 | H       | 1000442 | 20200108
 3017209411 |       4 | H       | 1000442 | 20200109
 3017209411 |       1 | H       | 1000443 | 20200109
 3017194670 |       2 | H       | 1000443 | 20200108
 3017209411 |       2 | H       | 1000444 | 20200109
 3017194670 |       1 | H       | 1000444 | 20200109
 3017209414 |       1 | H       | 1000445 | 20200109
 3017194679 |       1 | H       | 1000445 | 20200108
 3017209414 |       1 | H       | 1000446 | 20200109
 3017194679 |       2 | H       | 1000446 | 20200108
 3017194680 |       1 | H       | 1000447 | 20200108
 3017209417 |       1 | H       | 1000447 | 20200109
 3017194680 |       2 | H       | 1000448 | 20200108
 3017209417 |       2 | H       | 1000448 | 20200109
 3017194680 |       1 | H       | 1000449 | 20200109
 3017209417 |       3 | H       | 1000449 | 20200109
 3017194683 |       1 | H       | 1000450 | 20200108
 3017209417 |       4 | H       | 1000450 | 20200109
 3017194683 |       2 | H       | 1000451 | 20200108
 3017209417 |       1 | H       | 1000451 | 20200109
 3017194683 |       1 | H       | 1000452 | 20200109
 3017209417 |       2 | H       | 1000452 | 20200109
 3017194685 |       1 | H       | 1000453 | 20200108
 3017209417 |       3 | H       | 1000453 | 20200109
 3017209421 |       1 | H       | 1000454 | 20200109
 3017194685 |       1 | H       | 1000454 | 20200109
 3017209421 |       2 | H       | 1000455 | 20200109
 3017194695 |       1 | H       | 1000455 | 20200108
 3017209421 |       3 | H       | 1000456 | 20200109
 3017194695 |       2 | H       | 1000456 | 20200108
 3017209425 |       1 | H       | 1000457 | 20200109
 3017194695 |       3 | H       | 1000457 | 20200108
 3017209425 |       2 | H       | 1000458 | 20200109
 3017194695 |       1 | H       | 1000458 | 20200109
 3017194695 |       2 | H       | 1000459 | 20200109
 3017209425 |       3 | H       | 1000459 | 20200109
 3017194701 |       1 | H       | 1000460 | 20200108
 3017209425 |       1 | H       | 1000460 | 20200109
 3017209438 |       1 | H       | 1000461 | 20200109
 3017194701 |       2 | H       | 1000461 | 20200108
 3017209438 |       2 | H       | 1000462 | 20200109
 3017194701 |       3 | H       | 1000462 | 20200109
 3017209438 |       3 | H       | 1000463 | 20200109
 3017194701 |       4 | H       | 1000463 | 20200109
 3017209442 |       1 | H       | 1000464 | 20200109
 3017194701 |       1 | H       | 1000464 | 20200109
 3017194701 |       2 | H       | 1000465 | 20200109
 3017209444 |       1 | H       | 1000465 | 20200109
 3017194705 |       1 | H       | 1000466 | 20200109
 3017209444 |       2 | H       | 1000466 | 20200109
 3017194705 |       2 | H       | 1000467 | 20200109
 3017209444 |       1 | H       | 1000467 | 20200109
 3017209446 |       1 | H       | 1000468 | 20200109
 3017194705 |       3 | H       | 1000468 | 20200109
 3017194705 |       4 | H       | 1000469 | 20200109
 3017209446 |       1 | H       | 1000469 | 20200109
 3017194705 |       5 | H       | 1000470 | 20200109
 3017209450 |       1 | H       | 1000470 | 20200109
 3017194705 |       6 | H       | 1000471 | 20200109
 3017209450 |       1 | H       | 1000471 | 20200109
 3017194705 |       1 | H       | 1000472 | 20200109
 3017209450 |       2 | H       | 1000472 | 20200109
 3017194705 |       2 | H       | 1000473 | 20200109
 3017209453 |       1 | H       | 1000473 | 20200109
 3017209453 |       2 | H       | 1000474 | 20200109
 3017194705 |       3 | H       | 1000474 | 20200109
 3017209453 |       3 | H       | 1000475 | 20200109
 3017194732 |       1 | H       | 1000475 | 20200109
 3017209453 |       1 | H       | 1000476 | 20200109
 3017194732 |       1 | H       | 1000476 | 20200109
 3017194732 |       2 | H       | 1000477 | 20200109
 3017209456 |       1 | H       | 1000477 | 20200109
 3017209456 |       2 | H       | 1000478 | 20200109
 3017194732 |       3 | H       | 1000478 | 20200109
 3017194732 |       4 | H       | 1000479 | 20200109
 3017209460 |       1 | H       | 1000479 | 20200109
 3017209460 |       1 | H       | 1000480 | 20200109
 3017194987 |       1 | H       | 1000480 | 20200109
 3017194987 |       2 | H       | 1000481 | 20200109
 3017209467 |       1 | H       | 1000481 | 20200109
 3017194987 |       3 | H       | 1000482 | 20200109
 3017209467 |       2 | H       | 1000482 | 20200109
 3017194987 |       1 | H       | 1000483 | 20200109
 3017209467 |       3 | H       | 1000483 | 20200109
 3017194987 |       2 | H       | 1000484 | 20200109
 3017209477 |       1 | H       | 1000484 | 20200109
 3017209477 |       2 | H       | 1000485 | 20200109
 3017195031 |       1 | H       | 1000485 | 20200109
 3017209479 |       1 | H       | 1000486 | 20200109
 3017195451 |       1 | H       | 1000486 | 20200109
 3017195452 |       1 | H       | 1000487 | 20200109
 3017209479 |       2 | H       | 1000487 | 20200109
 3017209479 |       1 | H       | 1000488 | 20200109
 3017195454 |       1 | H       | 1000488 | 20200109
 3017209479 |       2 | H       | 1000489 | 20200109
 3017195456 |       1 | H       | 1000489 | 20200109
 3017195456 |       1 | H       | 1000490 | 20200109
 3017209481 |       1 | H       | 1000490 | 20200109
 3017195458 |       1 | H       | 1000491 | 20200109
 3017209481 |       1 | H       | 1000491 | 20200109
 3017209484 |       1 | H       | 1000492 | 20200109
 3017195458 |       1 | H       | 1000492 | 20200109
 3017209484 |       1 | H       | 1000493 | 20200109
 3017195459 |       1 | H       | 1000493 | 20200109
 3017195459 |       1 | H       | 1000494 | 20200109
 3017209484 |       2 | H       | 1000494 | 20200109
 3017195460 |       1 | H       | 1000495 | 20200109
 3017209484 |       3 | H       | 1000495 | 20200109
 3017195460 |       1 | H       | 1000496 | 20200109
 3017209488 |       1 | H       | 1000496 | 20200109
 3017209488 |       2 | H       | 1000497 | 20200109
 3017195461 |       1 | H       | 1000497 | 20200109
 3017209490 |       1 | H       | 1000498 | 20200109
 3017195461 |       1 | H       | 1000498 | 20200109
 3017209491 |       1 | H       | 1000499 | 20200109
 3017195463 |       1 | H       | 1000499 | 20200109
 3017209491 |       2 | H       | 1000500 | 20200109
 3017195463 |       2 | H       | 1000500 | 20200109
 3017209491 |       1 | H       | 1000501 | 20200109
 3017195463 |       1 | H       | 1000501 | 20200109
 3017209493 |       1 | H       | 1000502 | 20200109
 3017195465 |       1 | H       | 1000502 | 20200109
 3017209493 |       2 | H       | 1000503 | 20200109
 3017195465 |       2 | H       | 1000503 | 20200109
 3017195465 |       1 | H       | 1000504 | 20200109
 3017209493 |       3 | H       | 1000504 | 20200109
 3017209493 |       1 | H       | 1000505 | 20200109
 3017195466 |       1 | H       | 1000505 | 20200109
 3017195467 |       1 | H       | 1000506 | 20200109
 3017209496 |       1 | H       | 1000506 | 20200109
 3017195470 |       1 | H       | 1000507 | 20200109
 3017209497 |       1 | H       | 1000507 | 20200109
 3017195470 |       2 | H       | 1000508 | 20200109
 3017209503 |       1 | H       | 1000508 | 20200109
 3017209503 |       2 | H       | 1000509 | 20200109
 3017195470 |       1 | H       | 1000509 | 20200109
 3017209503 |       1 | H       | 1000510 | 20200109
 3017195470 |       2 | H       | 1000510 | 20200109
 3017209503 |       2 | H       | 1000511 | 20200109
 3017195472 |       1 | H       | 1000511 | 20200109
 3017209506 |       1 | H       | 1000512 | 20200109
 3017195472 |       2 | H       | 1000512 | 20200109
 3017209513 |       1 | H       | 1000513 | 20200109
 3017195472 |       1 | H       | 1000513 | 20200109
 3017195474 |       1 | H       | 1000514 | 20200109
 3017209513 |       2 | H       | 1000514 | 20200109
 3017209513 |       1 | H       | 1000515 | 20200109
 3017195474 |       2 | H       | 1000515 | 20200109
 3017209171 |       1 | H       | 1000516 | 20200109
 3017195476 |       1 | H       | 1000516 | 20200109
 3017195477 |       1 | H       | 1000517 | 20200109
 3017209171 |       2 | H       | 1000517 | 20200109
 3017195477 |       2 | H       | 1000518 | 20200109
 3017209171 |       3 | H       | 1000518 | 20200109
 3017209171 |       1 | H       | 1000519 | 20200109
 3017195477 |       1 | H       | 1000519 | 20200109
 3017209171 |       2 | H       | 1000520 | 20200109
 3017190390 |       1 | H       | 1000520 | 20200109
 3017209171 |       3 | H       | 1000521 | 20200109
 3017209171 |       4 | H       | 1000522 | 20200109
 3017209278 |       1 | H       | 1000523 | 20200109
 3017209278 |       2 | H       | 1000524 | 20200109
 3017209278 |       3 | H       | 1000525 | 20200109
 3017209278 |       4 | H       | 1000526 | 20200109
 3017209278 |       5 | H       | 1000527 | 20200109
 3017209278 |       1 | H       | 1000528 | 20200109
 3017209278 |       2 | H       | 1000529 | 20200109
 3017209278 |       3 | H       | 1000530 | 20200109
 3017209432 |       1 | H       | 1000531 | 20200109
 3017209432 |       2 | H       | 1000532 | 20200109
 3017209432 |       1 | H       | 1000533 | 20200109
 3017209432 |       2 | H       | 1000534 | 20200109
 3017209432 |       3 | H       | 1000535 | 20200109
 3017209432 |       4 | H       | 1000536 | 20200109
 3017209432 |       5 | H       | 1000537 | 20200109
 3017209432 |       6 | H       | 1000538 | 20200109
 3017209474 |       1 | H       | 1000539 | 20200109
 3017209474 |       2 | H       | 1000540 | 20200109
 3017209474 |       3 | H       | 1000541 | 20200109
 3017209474 |       4 | H       | 1000542 | 20200109
 3017209474 |       5 | H       | 1000543 | 20200109
 3017209474 |       6 | H       | 1000544 | 20200109
 3017209474 |       1 | H       | 1000545 | 20200109
 3017209474 |       2 | H       | 1000546 | 20200109
 3017209474 |       3 | H       | 1000547 | 20200109
 3017209474 |       4 | H       | 1000548 | 20200109
 3017209474 |       5 | H       | 1000549 | 20200109
 3017209474 |       6 | H       | 1000550 | 20200109
 3017210479 |       1 | H       | 1000551 | 20200109
 3017210479 |       1 | H       | 1000552 | 20200109
 3017210479 |       2 | H       | 1000553 | 20200109
 3017210479 |       3 | H       | 1000554 | 20200109
 3017210479 |       4 | H       | 1000555 | 20200109
 3017211062 |       1 | H       | 1000556 | 20200109
 3017211272 |       1 | H       | 1000557 | 20200109
 3017211272 |       2 | H       | 1000558 | 20200109
 3017211272 |       1 | H       | 1000559 | 20200109
 3017211280 |       1 | H       | 1000560 | 20200109
 3017211280 |       2 | H       | 1000561 | 20200109
 3017211280 |       1 | H       | 1000562 | 20200109
 3017211298 |       1 | H       | 1000563 | 20200109
 3017211298 |       2 | H       | 1000564 | 20200109
 3017211298 |       1 | H       | 1000565 | 20200109
 3017211325 |       1 | H       | 1000566 | 20200109
 3017211325 |       1 | H       | 1000567 | 20200109
 3017211333 |       1 | H       | 1000568 | 20200109
 3017211333 |       2 | H       | 1000569 | 20200109
 3017211333 |       3 | H       | 1000570 | 20200109
 3017211333 |       1 | H       | 1000571 | 20200109
 3017211333 |       2 | H       | 1000572 | 20200109
 3017211333 |       3 | H       | 1000573 | 20200109
 3017211350 |       1 | H       | 1000574 | 20200109
 3017211350 |       1 | H       | 1000575 | 20200109
 3017211350 |       2 | H       | 1000576 | 20200109
 3017211350 |       3 | H       | 1000577 | 20200109
 3017211354 |       1 | H       | 1000578 | 20200109
 3017211354 |       2 | H       | 1000579 | 20200109
 3017211354 |       3 | H       | 1000580 | 20200109
 3017211354 |       1 | H       | 1000581 | 20200109
 3017211354 |       2 | H       | 1000582 | 20200109
 3017211354 |       3 | H       | 1000583 | 20200109
 3017211354 |       4 | H       | 1000584 | 20200109
 3017211381 |       1 | H       | 1000585 | 20200109
 3017211381 |       2 | H       | 1000586 | 20200109
 3017211381 |       1 | H       | 1000587 | 20200109
 3017211477 |       1 | H       | 1000588 | 20200109
 3017211477 |       2 | H       | 1000589 | 20200109
 3017211477 |       3 | H       | 1000590 | 20200109
 3017211477 |       1 | H       | 1000591 | 20200109
 3017211477 |       2 | H       | 1000592 | 20200109
 3017211477 |       3 | H       | 1000593 | 20200109
 3017211502 |       1 | H       | 1000594 | 20200109
 3017211502 |       2 | H       | 1000595 | 20200109
 3017211502 |       3 | H       | 1000596 | 20200109
 3017211640 |       1 | H       | 1000597 | 20200109
 3017211640 |       2 | H       | 1000598 | 20200109
 3017211640 |       1 | H       | 1000599 | 20200109
 3017211389 |       1 | H       | 1000600 | 20200109
 3017211389 |       2 | H       | 1000601 | 20200109
 3017211389 |       3 | H       | 1000602 | 20200109
 3017211389 |       4 | H       | 1000603 | 20200109
 3017211389 |       1 | H       | 1000604 | 20200110
 3017211389 |       2 | H       | 1000605 | 20200110
 3017211389 |       3 | H       | 1000606 | 20200110
 3017211389 |       4 | H       | 1000607 | 20200110
 3017211071 |       1 | H       | 1000608 | 20200110
 3017211071 |       2 | H       | 1000609 | 20200110
 3017211071 |       3 | H       | 1000610 | 20200110
 3017211071 |       4 | H       | 1000611 | 20200110
 3017211071 |       5 | H       | 1000612 | 20200110
 3017211071 |       6 | H       | 1000613 | 20200110
 3017211071 |       1 | H       | 1000614 | 20200110
 3017211071 |       2 | H       | 1000615 | 20200110
 3017211071 |       3 | H       | 1000616 | 20200110
 3017211495 |       1 | H       | 1000617 | 20200109
 3017211495 |       2 | H       | 1000618 | 20200109
 3017211495 |       1 | H       | 1000619 | 20200110
 3017211495 |       2 | H       | 1000620 | 20200110
 3017211495 |       3 | H       | 1000621 | 20200110
 3017211495 |       4 | H       | 1000622 | 20200110
 3017211495 |       5 | H       | 1000623 | 20200110
 3017211495 |       6 | H       | 1000624 | 20200110
 3017211495 |       1 | H       | 1000625 | 20200110
 3017211495 |       2 | H       | 1000626 | 20200110
 3017209119 |       1 | H       | 1000627 | 20200109
 3017209119 |       1 | H       | 1000628 | 20200110
 3017209135 |       1 | H       | 1000629 | 20200109
 3017209135 |       2 | H       | 1000630 | 20200109
 3017209135 |       1 | H       | 1000631 | 20200110
 3017209135 |       2 | H       | 1000632 | 20200110
 3017209135 |       3 | H       | 1000633 | 20200110
 3017209220 |       1 | H       | 1000634 | 20200109
 3017209220 |       1 | H       | 1000635 | 20200110
 3017209220 |       2 | H       | 1000636 | 20200110
 3017209220 |       3 | H       | 1000637 | 20200110
 3017209230 |       1 | H       | 1000638 | 20200109
 3017209230 |       2 | H       | 1000639 | 20200109
 3017209230 |       1 | H       | 1000640 | 20200110
 3017209236 |       1 | H       | 1000641 | 20200110
 3017209241 |       1 | H       | 1000642 | 20200109
 3017209258 |       1 | H       | 1000643 | 20200109
 3017209258 |       1 | H       | 1000644 | 20200110
 3017209261 |       1 | H       | 1000645 | 20200109
 3017209262 |       1 | H       | 1000646 | 20200109
 3017209264 |       1 | H       | 1000647 | 20200109
 3017209281 |       1 | H       | 1000648 | 20200109
 3017209357 |       1 | H       | 1000649 | 20200109
 3017209357 |       1 | H       | 1000650 | 20200110
 3017209399 |       1 | H       | 1000651 | 20200109
 3017209399 |       2 | H       | 1000652 | 20200109
 3017209410 |       1 | H       | 1000653 | 20200109
 3017209454 |       1 | H       | 1000654 | 20200109
 3017209454 |       1 | H       | 1000655 | 20200110
 3017209516 |       1 | H       | 1000656 | 20200109
 3017209516 |       1 | H       | 1000657 | 20200110
 3017209516 |       2 | H       | 1000658 | 20200110
 3017211033 |       1 | H       | 1000659 | 20200109
 3017211033 |       1 | H       | 1000660 | 20200110
 3017211036 |       1 | H       | 1000661 | 20200109
 3017211036 |       2 | H       | 1000662 | 20200109
 3017211042 |       1 | H       | 1000663 | 20200109
 3017211042 |       2 | H       | 1000664 | 20200109
 3017211042 |       3 | H       | 1000665 | 20200109
 3017211042 |       1 | H       | 1000666 | 20200110
 3017211044 |       1 | H       | 1000667 | 20200109
 3017211251 |       1 | H       | 1000668 | 20200109
 3017211251 |       1 | H       | 1000669 | 20200110
 3017211259 |       1 | H       | 1000670 | 20200110
 3017211312 |       1 | H       | 1000671 | 20200109
 3017211312 |       2 | H       | 1000672 | 20200109
 3017211312 |       1 | H       | 1000673 | 20200110
 3017211312 |       2 | H       | 1000674 | 20200110
 3017211312 |       3 | H       | 1000675 | 20200110
 3017211336 |       1 | H       | 1000676 | 20200109
 3017211336 |       1 | H       | 1000677 | 20200110
 3017211368 |       1 | H       | 1000678 | 20200109
 3017211368 |       2 | H       | 1000679 | 20200109
 3017211368 |       1 | H       | 1000680 | 20200110
 3017211368 |       2 | H       | 1000681 | 20200110
 3017211371 |       1 | H       | 1000682 | 20200109
 3017211371 |       2 | H       | 1000683 | 20200109
 3017211371 |       1 | H       | 1000684 | 20200110
 3017211378 |       1 | H       | 1000685 | 20200109
 3017211378 |       2 | H       | 1000686 | 20200109
 3017211378 |       3 | H       | 1000687 | 20200109
 3017211378 |       1 | H       | 1000688 | 20200110
 3017211378 |       2 | H       | 1000689 | 20200110
 3017212762 |       1 | H       | 1000690 | 20200109
 3017212765 |       1 | H       | 1000691 | 20200110
 3017212765 |       1 | H       | 1000692 | 20200110
 3017212765 |       2 | H       | 1000693 | 20200110
 3017212765 |       3 | H       | 1000694 | 20200110
 3017212769 |       1 | H       | 1000695 | 20200110
 3017212769 |       1 | H       | 1000696 | 20200110
 3017212769 |       2 | H       | 1000697 | 20200110
 3017213843 |       1 | H       | 1000698 | 20200110
 3017213843 |       2 | H       | 1000699 | 20200110
 3017213843 |       1 | H       | 1000700 | 20200110
 3017213843 |       2 | H       | 1000701 | 20200110
 3017213843 |       3 | H       | 1000702 | 20200110
 3017211034 |       1 | H       | 1000703 | 20200110
 3017211038 |       1 | H       | 1000704 | 20200110
 3017211039 |       1 | H       | 1000705 | 20200110
 3017211048 |       1 | H       | 1000706 | 20200110
 3017211048 |       2 | H       | 1000707 | 20200110
 3017211054 |       1 | H       | 1000708 | 20200110
 3017211054 |       2 | H       | 1000709 | 20200110
 3017211054 |       3 | H       | 1000710 | 20200110
 3017211054 |       1 | H       | 1000711 | 20200110
 3017211061 |       1 | H       | 1000712 | 20200110
 3017211061 |       2 | H       | 1000713 | 20200110
 3017211061 |       1 | H       | 1000714 | 20200110
 3017211061 |       2 | H       | 1000715 | 20200110
 3017211064 |       1 | H       | 1000716 | 20200110
 3017211066 |       1 | H       | 1000717 | 20200110
 3017211066 |       2 | H       | 1000718 | 20200110
 3017211066 |       1 | H       | 1000719 | 20200110
 3017211068 |       1 | H       | 1000720 | 20200110
 3017211068 |       2 | H       | 1000721 | 20200110
 3017211068 |       3 | H       | 1000722 | 20200110
 3017211068 |       1 | H       | 1000723 | 20200110
 3017211068 |       2 | H       | 1000724 | 20200110
 3017211074 |       1 | H       | 1000725 | 20200110
 3017211256 |       1 | H       | 1000726 | 20200110
 3017211261 |       1 | H       | 1000727 | 20200110
 3017211265 |       1 | H       | 1000728 | 20200110
 3017211265 |       2 | H       | 1000729 | 20200110
 3017211265 |       1 | H       | 1000730 | 20200110
 3017211268 |       1 | H       | 1000731 | 20200110
 3017211268 |       1 | H       | 1000732 | 20200110
 3017211277 |       1 | H       | 1000733 | 20200110
 3017211277 |       2 | H       | 1000734 | 20200110
 3017211283 |       1 | H       | 1000735 | 20200110
 3017211283 |       2 | H       | 1000736 | 20200110
 3017211283 |       1 | H       | 1000737 | 20200110
 3017211285 |       1 | H       | 1000738 | 20200110
 3017211286 |       1 | H       | 1000739 | 20200110
 3017211286 |       1 | H       | 1000740 | 20200110
 3017211289 |       1 | H       | 1000741 | 20200110
 3017211289 |       2 | H       | 1000742 | 20200110
 3017211289 |       1 | H       | 1000743 | 20200110
 3017211292 |       1 | H       | 1000744 | 20200110
 3017211292 |       2 | H       | 1000745 | 20200110
 3017211292 |       1 | H       | 1000746 | 20200110
 3017211294 |       1 | H       | 1000747 | 20200110
 3017211302 |       1 | H       | 1000748 | 20200110
 3017211306 |       1 | H       | 1000749 | 20200110
 3017211306 |       1 | H       | 1000750 | 20200110
 3017211306 |       2 | H       | 1000751 | 20200110
 3017211320 |       1 | H       | 1000752 | 20200110
 3017211320 |       2 | H       | 1000753 | 20200110
 3017211320 |       3 | H       | 1000754 | 20200110
 3017211320 |       1 | H       | 1000755 | 20200110
 3017211323 |       1 | H       | 1000756 | 20200110
 3017211327 |       1 | H       | 1000757 | 20200110
 3017211327 |       1 | H       | 1000758 | 20200110
 3017211339 |       1 | H       | 1000759 | 20200110
 3017211339 |       1 | H       | 1000760 | 20200110
 3017211343 |       1 | H       | 1000761 | 20200110
 3017211343 |       2 | H       | 1000762 | 20200110
 3017211343 |       1 | H       | 1000763 | 20200110
 3017211343 |       2 | H       | 1000764 | 20200110
 3017211343 |       3 | H       | 1000765 | 20200110
 3017211347 |       1 | H       | 1000766 | 20200110
 3017211347 |       2 | H       | 1000767 | 20200110
 3017211347 |       1 | H       | 1000768 | 20200110
 3017211347 |       2 | H       | 1000769 | 20200110
 3017211358 |       1 | H       | 1000770 | 20200110
 3017211358 |       2 | H       | 1000771 | 20200110
 3017211358 |       3 | H       | 1000772 | 20200110
 3017211358 |       1 | H       | 1000773 | 20200110
 3017211362 |       1 | H       | 1000774 | 20200110
 3017211362 |       2 | H       | 1000775 | 20200110
 3017211362 |       1 | H       | 1000776 | 20200110
 3017211365 |       1 | H       | 1000777 | 20200110
 3017211365 |       2 | H       | 1000778 | 20200110
 3017211374 |       1 | H       | 1000779 | 20200110
 3017211374 |       2 | H       | 1000780 | 20200110
 3017211374 |       3 | H       | 1000781 | 20200110
 3017211374 |       1 | H       | 1000782 | 20200110
 3017211374 |       2 | H       | 1000783 | 20200110
 3017211393 |       1 | H       | 1000784 | 20200110
 3017211393 |       2 | H       | 1000785 | 20200110
 3017211393 |       1 | H       | 1000786 | 20200110
 3017211396 |       1 | H       | 1000787 | 20200110
 3017211396 |       2 | H       | 1000788 | 20200110
 3017211396 |       1 | H       | 1000789 | 20200110
 3017211404 |       1 | H       | 1000790 | 20200110
 3017211404 |       2 | H       | 1000791 | 20200110
 3017211404 |       1 | H       | 1000792 | 20200110
 3017211404 |       2 | H       | 1000793 | 20200110
 3017211404 |       3 | H       | 1000794 | 20200110
 3017211413 |       1 | H       | 1000795 | 20200110
 3017211413 |       2 | H       | 1000796 | 20200110
 3017211413 |       1 | H       | 1000797 | 20200110
 3017211426 |       1 | H       | 1000798 | 20200110
 3017211426 |       2 | H       | 1000799 | 20200110
 3017211426 |       1 | H       | 1000800 | 20200110
 3017211445 |       1 | H       | 1000801 | 20200110
 3017211445 |       2 | H       | 1000802 | 20200110
 3017211445 |       1 | H       | 1000803 | 20200110
 3017211461 |       1 | H       | 1000804 | 20200110
 3017211461 |       2 | H       | 1000805 | 20200110
 3017211461 |       3 | H       | 1000806 | 20200110
 3017211461 |       1 | H       | 1000807 | 20200110
 3017211461 |       2 | H       | 1000808 | 20200110
 3017211461 |       3 | H       | 1000809 | 20200110
 3017211483 |       1 | H       | 1000810 | 20200110
 3017211483 |       2 | H       | 1000811 | 20200110
 3017211483 |       3 | H       | 1000812 | 20200110
 3017211483 |       4 | H       | 1000813 | 20200110
 3017211483 |       5 | H       | 1000814 | 20200110
 3017211483 |       6 | H       | 1000815 | 20200110
 3017211483 |       1 | H       | 1000816 | 20200110
 3017211483 |       1 | H       | 1000817 | 20200110
 3017212724 |       1 | H       | 1000818 | 20200110
 3017212724 |       2 | H       | 1000819 | 20200110
 3017212724 |       1 | H       | 1000820 | 20200110
 3017212724 |       2 | H       | 1000821 | 20200110
 3017212729 |       1 | H       | 1000822 | 20200110
 3017212729 |       2 | H       | 1000823 | 20200110
 3017212729 |       3 | H       | 1000824 | 20200110
 3017212729 |       4 | H       | 1000825 | 20200110
 3017212729 |       1 | H       | 1000826 | 20200110
 3017212729 |       2 | H       | 1000827 | 20200110
 3017212759 |       1 | H       | 1000828 | 20200110
 3017212760 |       1 | H       | 1000829 | 20200110
 3017212767 |       1 | H       | 1000830 | 20200110
 3017212773 |       1 | H       | 1000831 | 20200110
 3017212773 |       2 | H       | 1000832 | 20200110
 3017212773 |       3 | H       | 1000833 | 20200110
 3017212773 |       4 | H       | 1000834 | 20200110
 3017212773 |       5 | H       | 1000835 | 20200110
 3017212773 |       1 | H       | 1000836 | 20200110
 3017212773 |       2 | H       | 1000837 | 20200110
 3017212776 |       1 | H       | 1000838 | 20200110
 3017212776 |       1 | H       | 1000839 | 20200110
 3017212776 |       2 | H       | 1000840 | 20200110
 3017212779 |       1 | H       | 1000841 | 20200110
 3017212779 |       1 | H       | 1000842 | 20200110
 3017212779 |       2 | H       | 1000843 | 20200110
 3017212779 |       3 | H       | 1000844 | 20200110
 3017212779 |       4 | H       | 1000845 | 20200110
 3017212779 |       5 | H       | 1000846 | 20200110
 3017212781 |       1 | H       | 1000847 | 20200110
 3017212781 |       2 | H       | 1000848 | 20200110
 3017212783 |       1 | H       | 1000849 | 20200110
 3017212785 |       1 | H       | 1000850 | 20200110
 3017212785 |       1 | H       | 1000851 | 20200110
 3017212785 |       2 | H       | 1000852 | 20200110
 3017212785 |       3 | H       | 1000853 | 20200110
 3017212785 |       4 | H       | 1000854 | 20200110
 3017212789 |       1 | H       | 1000855 | 20200110
 3017212789 |       1 | H       | 1000856 | 20200110
 3017212790 |       1 | H       | 1000857 | 20200110
 3017212790 |       1 | H       | 1000858 | 20200110
 3017212790 |       2 | H       | 1000859 | 20200110
 3017212794 |       1 | H       | 1000860 | 20200110
 3017212794 |       2 | H       | 1000861 | 20200110
 3017212794 |       3 | H       | 1000862 | 20200110
 3017212794 |       1 | H       | 1000863 | 20200110
 3017212794 |       2 | H       | 1000864 | 20200110
 3017212794 |       3 | H       | 1000865 | 20200110
 3017212794 |       4 | H       | 1000866 | 20200110
 3017212794 |       5 | H       | 1000867 | 20200110
 3017212800 |       1 | H       | 1000868 | 20200110
 3017212800 |       1 | H       | 1000869 | 20200110
 3017213845 |       1 | H       | 1000870 | 20200110
 3017226947 |       1 | A       | 1000882 | 20200110
 3017226952 |       1 | A       | 1000883 | 20200110
 3017226959 |       1 | A       | 1000884 | 20200110
 3017226964 |       1 | A       | 1000885 | 20200110
 3017226967 |       1 | A       | 1000886 | 20200110
 3017226973 |       1 | A       | 1000887 | 20200110
 3017226980 |       1 | A       | 1000888 | 20200110
 3017226980 |       2 | A       | 1000889 | 20200110
 3017226989 |       1 | A       | 1000890 | 20200110
 3017227072 |       1 | A       | 1000891 | 20200110
 3017227072 |       1 | A       | 1000892 | 20200110
 3017227072 |       2 | A       | 1000893 | 20200110
 3017227072 |       3 | A       | 1000894 | 20200110
 3017227076 |       1 | A       | 1000895 | 20200110
 3017227076 |       1 | A       | 1000896 | 20200110
 3017227100 |       1 | A       | 1000897 | 20200110
 3017227100 |       1 | A       | 1000898 | 20200110
 3017227100 |       2 | A       | 1000899 | 20200110
 3017227107 |       1 | A       | 1000900 | 20200110
 3017227107 |       1 | A       | 1000901 | 20200110
 3017227108 |       1 | A       | 1000902 | 20200110
 3017227116 |       1 | A       | 1000903 | 20200110
 3017227116 |       2 | A       | 1000904 | 20200110
 3017227116 |       1 | A       | 1000905 | 20200110
 3017227120 |       1 | A       | 1000906 | 20200110
 3017227123 |       1 | A       | 1000907 | 20200110
 3017227129 |       1 | A       | 1000908 | 20200110
 3017227129 |       2 | A       | 1000909 | 20200110
 3017227135 |       1 | A       | 1000910 | 20200110
 3017227135 |       1 | A       | 1000911 | 20200110
 3017227135 |       2 | A       | 1000912 | 20200110
 3017227135 |       3 | A       | 1000913 | 20200110
 3017227142 |       1 | A       | 1000914 | 20200110
 3017227142 |       2 | A       | 1000915 | 20200110
 3017227142 |       1 | A       | 1000916 | 20200110
 3017227146 |       1 | A       | 1000917 | 20200110
 3017228175 |       1 | A       | 1000918 | 20200110
 3017228175 |       1 | A       | 1000919 | 20200110
 3017228177 |       1 | A       | 1000920 | 20200110
 3017228181 |       1 | A       | 1000921 | 20200110
 3017228181 |       2 | A       | 1000922 | 20200110
 3017228181 |       3 | A       | 1000923 | 20200110
 3017228181 |       1 | A       | 1000924 | 20200110
 3017228181 |       2 | A       | 1000925 | 20200110
 3017228185 |       1 | A       | 1000926 | 20200110
 3017228185 |       2 | A       | 1000927 | 20200110
 3017228185 |       1 | A       | 1000928 | 20200110
 3017228194 |       1 | A       | 1000929 | 20200110
 3017228194 |       1 | A       | 1000930 | 20200110
 3017228202 |       1 | A       | 1000931 | 20200110
 3017228202 |       1 | A       | 1000932 | 20200110
 3017228202 |       2 | A       | 1000933 | 20200110
 3017228216 |       1 | A       | 1000934 | 20200110
 3017228216 |       2 | A       | 1000935 | 20200110
 3017228216 |       3 | A       | 1000936 | 20200110
 3017228216 |       1 | A       | 1000937 | 20200110
 3017228216 |       2 | A       | 1000938 | 20200110
 3017228223 |       1 | A       | 1000939 | 20200110
 3017228223 |       2 | A       | 1000940 | 20200110
 3017228223 |       1 | A       | 1000941 | 20200110
 3017228229 |       1 | A       | 1000942 | 20200110
 3017228229 |       2 | A       | 1000943 | 20200110
 3017228229 |       1 | A       | 1000944 | 20200110
 3017228235 |       1 | A       | 1000945 | 20200110
 3017228244 |       1 | A       | 1000946 | 20200110
 3017228244 |       2 | A       | 1000947 | 20200110
 3017228244 |       1 | A       | 1000948 | 20200110
 3017228254 |       1 | A       | 1000949 | 20200110
 3017228254 |       2 | A       | 1000950 | 20200110
 3017228264 |       1 | A       | 1000951 | 20200110
 3017228264 |       2 | A       | 1000952 | 20200110
 3017228264 |       1 | A       | 1000953 | 20200110
 3017228264 |       2 | A       | 1000954 | 20200110
 3017228274 |       1 | A       | 1000955 | 20200110
 3017228274 |       2 | A       | 1000956 | 20200110
 3017228274 |       1 | A       | 1000957 | 20200110
 3017228580 |       1 | A       | 1000958 | 20200110
 3017228580 |       1 | A       | 1000959 | 20200110
 3017228581 |       1 | A       | 1000960 | 20200110
 3017228581 |       1 | A       | 1000961 | 20200110
 3017228582 |       1 | A       | 1000962 | 20200110
 3017228582 |       1 | A       | 1000963 | 20200110
 3017228583 |       1 | A       | 1000964 | 20200110
 3017228585 |       1 | A       | 1000965 | 20200110
 3017228585 |       2 | A       | 1000966 | 20200110
 3017228586 |       1 | A       | 1000967 | 20200110
 3017228586 |       2 | A       | 1000968 | 20200110
 3017228586 |       1 | A       | 1000969 | 20200110
 3017228587 |       1 | A       | 1000970 | 20200110
 3017228587 |       2 | A       | 1000971 | 20200110
 3017228587 |       1 | A       | 1000972 | 20200110
 3017228588 |       1 | A       | 1000973 | 20200110
 3017228589 |       1 | A       | 1000974 | 20200110
 3017228589 |       2 | A       | 1000975 | 20200110
 3017228589 |       3 | A       | 1000976 | 20200110
 3017228589 |       1 | A       | 1000977 | 20200110
 3017228589 |       2 | A       | 1000978 | 20200110
 3017228589 |       3 | A       | 1000979 | 20200110
 3017228589 |       4 | A       | 1000980 | 20200110
 3017228590 |       1 | A       | 1000981 | 20200110
 3017228590 |       1 | A       | 1000982 | 20200110
 3017228591 |       1 | A       | 1000983 | 20200110
 3017228591 |       1 | A       | 1000984 | 20200110
 3017228591 |       2 | A       | 1000985 | 20200110
 3017228592 |       1 | A       | 1000986 | 20200110
 3017228592 |       2 | A       | 1000987 | 20200110
 3017228592 |       3 | A       | 1000988 | 20200110
 3017228593 |       1 | A       | 1000989 | 20200110
 3017228593 |       2 | A       | 1000990 | 20200110
 3017228593 |       3 | A       | 1000991 | 20200110
 3017228596 |       1 | A       | 1000992 | 20200110
 3017228598 |       1 | A       | 1000993 | 20200110
 3017228600 |       1 | A       | 1000994 | 20200110
 3017228603 |       1 | A       | 1000995 | 20200110
 3017228603 |       1 | A       | 1000996 | 20200110
 3017228604 |       1 | A       | 1000997 | 20200110
 3017228604 |       1 | A       | 1000998 | 20200110
 3017228606 |       1 | A       | 1000999 | 20200110
 3017228606 |       1 | A       | 1001000 | 20200110
 3017228607 |       1 | A       | 1001001 | 20200110
 3017228607 |       1 | A       | 1001002 | 20200110
 3017228609 |       1 | A       | 1001003 | 20200110
 3017228611 |       1 | A       | 1001004 | 20200110
 3017228611 |       1 | A       | 1001005 | 20200110
 3017228614 |       1 | A       | 1001006 | 20200110
 3017228614 |       2 | A       | 1001007 | 20200110
 3017228614 |       1 | A       | 1001008 | 20200110
 3017228614 |       2 | A       | 1001009 | 20200110
 3017228616 |       1 | A       | 1001010 | 20200110
 3017228616 |       1 | A       | 1001011 | 20200110
 3017228616 |       2 | A       | 1001012 | 20200110
 3017228618 |       1 | A       | 1001013 | 20200110
 3017228618 |       2 | A       | 1001014 | 20200110
 3017228618 |       3 | A       | 1001015 | 20200110
 3017228618 |       4 | A       | 1001016 | 20200110
 3017228618 |       1 | A       | 1001017 | 20200110
 3017228618 |       2 | A       | 1001018 | 20200110
 3017228618 |       3 | A       | 1001019 | 20200110
 3017228619 |       1 | A       | 1001020 | 20200110
 3017228619 |       2 | A       | 1001021 | 20200110
 3017228620 |       1 | A       | 1001022 | 20200110
 3017228620 |       2 | A       | 1001023 | 20200110
 3017228620 |       3 | A       | 1001024 | 20200110
(1618 righe)

