 ubicazione | riga_can | riga | colonna_can | colonna | priorita 
------------+----------+------+-------------+---------+----------
 2041061    |          |    6 |             |      30 |      256
 2041071    |          |    7 |             |      30 |      264
 2041081    |          |    8 |             |      30 |      272
 2041091    |          |    9 |             |      30 |      280
 2041101    |          |    6 |             |      31 |      288
 2041111    |          |    7 |             |      31 |      296
 2041121    |          |    8 |             |      31 |      304
 2041131    |          |    9 |             |      31 |      312
 2041141    |          |    6 |             |      32 |      320
 2041151    |          |    7 |             |      32 |      328
 2041161    |          |    8 |             |      32 |      336
 2041171    |          |    9 |             |      32 |      344
 2041062    |          |    6 |             |      22 |      255
 2041072    |          |    7 |             |      22 |      263
 2041082    |          |    8 |             |      22 |      271
 2041092    |          |    9 |             |      22 |      279
 2041102    |          |    6 |             |      23 |      287
 2041112    |          |    7 |             |      23 |      295
 2041122    |          |    8 |             |      23 |      303
 2041132    |          |    9 |             |      23 |      311
 2041142    |          |    6 |             |      24 |      319
 2041152    |          |    7 |             |      24 |      327
 2041162    |          |    8 |             |      24 |      335
 2041172    |          |    9 |             |      24 |      343
 2041063    |          |    1 |             |      30 |      254
 2041073    |          |    2 |             |      30 |      262
 2041083    |          |    3 |             |      30 |      270
 2041093    |          |    4 |             |      30 |      278
 2041103    |          |    1 |             |      31 |      286
 2041113    |          |    2 |             |      31 |      294
 2041123    |          |    3 |             |      31 |      302
 2041133    |          |    4 |             |      31 |      310
 2041143    |          |    1 |             |      32 |      318
 2041153    |          |    2 |             |      32 |      326
 2041163    |          |    3 |             |      32 |      334
 2041173    |          |    4 |             |      32 |      342
 2041064    |          |    1 |             |      22 |      253
 2041074    |          |    2 |             |      22 |      261
 2041084    |          |    3 |             |      22 |      269
 2041094    |          |    4 |             |      22 |      277
 2041104    |          |    1 |             |      23 |      285
 2041114    |          |    2 |             |      23 |      293
 2041124    |          |    3 |             |      23 |      301
 2041134    |          |    4 |             |      23 |      309
 2041144    |          |    1 |             |      24 |      317
 2041154    |          |    2 |             |      24 |      325
 2041164    |          |    3 |             |      24 |      333
 2041174    |          |    4 |             |      24 |      341
 2042061    |          |   24 |             |      12 |      260
 2042071    |          |   24 |             |      11 |      268
 2042081    |          |   24 |             |      10 |      276
 2042091    |          |   24 |             |       9 |      284
 2042101    |          |   23 |             |      16 |      292
 2042111    |          |   23 |             |       8 |      300
 2042121    |          |   23 |             |      14 |      308
 2042131    |          |   23 |             |      13 |      316
 2042141    |          |   23 |             |      12 |      324
 2042151    |          |   23 |             |      11 |      332
 2042161    |          |   23 |             |      10 |      340
 2042171    |          |   23 |             |       9 |      348
 2042181    |          |   22 |             |      16 |      352
 2042191    |          |   22 |             |       8 |      356
 2042201    |          |   22 |             |      14 |      360
 2042062    |          |   20 |             |       8 |      259
 2042072    |          |   20 |             |      16 |      267
 2042082    |          |   21 |             |       9 |      275
 2042092    |          |   21 |             |      10 |      283
 2042102    |          |   21 |             |      11 |      291
 2042112    |          |   21 |             |      12 |      299
 2042122    |          |   21 |             |      13 |      307
 2042132    |          |   21 |             |      14 |      315
 2042142    |          |   21 |             |       8 |      323
 2042152    |          |   21 |             |      16 |      331
 2042162    |          |   22 |             |       9 |      339
 2042172    |          |   22 |             |      10 |      347
 2042182    |          |   22 |             |      11 |      351
 2042192    |          |   22 |             |      12 |      355
 2042202    |          |   22 |             |      13 |      359
 2042063    |          |   20 |             |      14 |      258
 2042073    |          |   20 |             |      13 |      266
 2042083    |          |   20 |             |      12 |      274
 2042093    |          |   20 |             |      11 |      282
 2042103    |          |   20 |             |      10 |      290
 2042113    |          |   20 |             |       9 |      298
 2042123    |          |   19 |             |      16 |      306
 2042133    |          |   19 |             |       8 |      314
 2042143    |          |   19 |             |      14 |      322
 2042153    |          |   19 |             |      13 |      330
 2042163    |          |   19 |             |      12 |      338
 2042173    |          |   19 |             |      11 |      346
 2042183    |          |   19 |             |      10 |      350
 2042193    |          |   19 |             |       9 |      354
 2042203    |          |   18 |             |      16 |      358
 2042064    |          |   17 |             |       9 |      257
 2042074    |          |   17 |             |      10 |      265
 2042084    |          |   17 |             |      11 |      273
 2042094    |          |   17 |             |      12 |      281
 2042104    |          |   17 |             |      13 |      289
 2042114    |          |   17 |             |      14 |      297
 2042124    |          |   17 |             |       8 |      305
 2042134    |          |   17 |             |      16 |      313
 2042144    |          |   18 |             |       9 |      321
 2042154    |          |   18 |             |      10 |      329
 2042164    |          |   18 |             |      11 |      337
 2042174    |          |   18 |             |      12 |      345
 2042184    |          |   18 |             |      13 |      349
 2042194    |          |   18 |             |      14 |      353
 2042204    |          |   18 |             |       8 |      357
(108 rows)

